"theta.1-1" "theta.2-1" "theta.3-1" "theta.1-2" "theta.2-2" "theta.3-2" "theta.1-3" "theta.2-3" "theta.3-3" "theta.1-4" "theta.2-4" "theta.3-4" "theta.1-5" "theta.2-5" "theta.3-5" "theta.1-6" "theta.2-6" "theta.3-6" "theta.1-7" "theta.2-7" "theta.3-7" "theta.1-8" "theta.2-8" "theta.3-8" "theta.1-9" "theta.2-9" "theta.3-9" "theta.1-10" "theta.2-10" "theta.3-10" "theta.1-11" "theta.2-11" "theta.3-11" "theta.1-12" "theta.2-12" "theta.3-12" "p.1" "p.2" "p.3"
"1" 3.170279e-05 0.001330111 0.1229235 0.004245017 0.000473123 0.8606266 0.0005513257 0.0002006082 0.02998127 0.000194466 0.9989302 0.0001159287 0.9970761 0.0001750695 0.001433759 0.382374 0.3832996 0.4184723 0.5447451 0.505798 0.5195453 0.8796015 0.7382525 0.7437511 0.1565563 0.1136694 0.08972121 0.09957285 0.06413732 0.04670337 0.5034365 0.4722469 0.4232865 0.1076127 0.05178654 0.0276726 0.183544 0.6373514 0.1791046
"2" 0.0001551018 2.091122e-05 0.1294136 0.0001024232 0.001511297 0.8605739 0.001873749 0.0001705788 0.01623965 3.122573e-05 0.9995941 0.007947407 0.9993023 6.535679e-05 0.0004885481 0.3869013 0.4035253 0.4264066 0.4962921 0.5124269 0.5253955 0.891814 0.7362525 0.7344864 0.1947948 0.1035086 0.1193954 0.09166751 0.06010205 0.05295794 0.5210741 0.4669149 0.4228348 0.09643507 0.05113651 0.03090111 0.2022142 0.6193237 0.1784622
"3" 0.0002417575 0.0001700641 0.102308 0.0003046998 0.0003948923 0.8737333 0.003074694 8.978961e-05 0.02011927 0.002622196 0.9990672 4.491601e-06 0.9998983 0.0003107458 4.164631e-05 0.3524367 0.4024891 0.4136633 0.5293458 0.4960285 0.5622295 0.8751789 0.7297613 0.7258858 0.2080786 0.1075115 0.1261489 0.0986788 0.06533061 0.03636529 0.4945427 0.4698442 0.4531498 0.08859354 0.05085078 0.03302187 0.17832 0.6513049 0.1703751
"4" 0.0001387972 0.0004425631 0.1162345 0.001499084 0.0005365486 0.8430429 0.0008662636 0.0004422033 0.0229384 0.002924632 0.9998536 0.0002447313 0.9999244 0.000210094 0.003452991 0.3670879 0.4102745 0.4181442 0.5223317 0.4975208 0.5281391 0.8601866 0.7450376 0.7292227 0.2039667 0.1171546 0.1011981 0.1201225 0.05646843 0.06890976 0.5004407 0.4954783 0.458503 0.0989482 0.05114415 0.04634633 0.1876596 0.6296763 0.1826642
"5" 0.0002188705 2.498428e-05 0.1097907 0.0004220656 0.0003761718 0.8704454 0.001195402 0.001434083 0.02131415 0.000227173 0.9998708 0.003321439 0.999012 0.0009020993 0.00129954 0.3622819 0.3950752 0.3839065 0.5039626 0.4997556 0.5216775 0.8744141 0.7316703 0.7118957 0.2001583 0.1116313 0.1363084 0.0877472 0.05471609 0.05758291 0.5037186 0.4744227 0.4344016 0.08644906 0.0574307 0.0370866 0.1764178 0.6444791 0.1791031
"6" 0.0008621605 0.0006459678 0.1288996 0.0002203487 0.0005842504 0.8443321 0.001092511 0.001661522 0.03118313 0.0006167572 0.9994286 0.002300811 0.998989 0.0007406908 0.002831379 0.3572116 0.4014429 0.4093666 0.5123819 0.517381 0.5288015 0.8670674 0.7398327 0.7225707 0.1746647 0.109904 0.1155 0.1018583 0.06210001 0.05120213 0.4892954 0.4688672 0.446164 0.0967344 0.04255772 0.04158887 0.184344 0.6425803 0.1730758
"7" 0.0002758992 0.001634735 0.1203416 0.004424734 8.115699e-06 0.8750939 0.003023787 3.5174e-05 0.02018519 0.0007858137 0.9973995 0.004632506 0.9999477 0.0003384863 0.0006708685 0.3916666 0.3966928 0.3727612 0.5024783 0.5074053 0.5368096 0.8825398 0.7304736 0.7234196 0.1797453 0.1069626 0.1024896 0.08251449 0.06079656 0.04013063 0.4835938 0.4562723 0.4243885 0.08070548 0.05169277 0.03903762 0.184975 0.6362475 0.1787775
"8" 0.0001785885 9.425325e-05 0.1252098 0.003246005 0.0005019781 0.8373084 0.000458315 0.0002913886 0.02486095 0.007160902 0.9998262 0.002328084 0.9995186 0.0005781376 0.00407364 0.3777913 0.3929009 0.4153652 0.513944 0.5013269 0.5525365 0.8807812 0.7321649 0.7253068 0.1919291 0.1096426 0.09608055 0.09082731 0.05756591 0.0628218 0.4825492 0.4792625 0.4297484 0.07845793 0.05013908 0.03992811 0.1921867 0.6328999 0.1749135
"9" 0.0003307813 0.0007408738 0.1136253 0.001252917 0.0009229875 0.8684126 0.003925914 1.261358e-05 0.03739374 0.003402167 0.9996341 0.002743075 0.999754 0.0007457876 0.00204223 0.4173202 0.4051165 0.4381214 0.5233197 0.5073118 0.539345 0.8970002 0.7423513 0.7079108 0.1905733 0.1089917 0.1136777 0.1099637 0.06590599 0.05517603 0.4783676 0.4646624 0.4169005 0.08641205 0.05159998 0.03586343 0.1916979 0.6334782 0.174824
"10" 0.0002225534 0.0003619626 0.1007892 0.001290708 0.000632313 0.8781639 0.009234905 0.0002641202 0.03371155 0.001926211 0.9998213 0.001285196 0.9997142 0.0003435099 0.002290663 0.348576 0.3912244 0.4080318 0.5358908 0.507565 0.5573063 0.8876084 0.7375896 0.7211873 0.2066638 0.1062012 0.09938639 0.09224799 0.06560344 0.05359552 0.5003458 0.4805411 0.4587105 0.08864183 0.05131099 0.03590563 0.1787321 0.6409577 0.1803102
"11" 0.001295771 0.0001280913 0.1392651 0.0006261715 0.0002006666 0.8821145 0.002563353 0.0004284532 0.03191589 0.00450936 0.9999175 0.004840612 0.99983 0.0002144058 0.001659159 0.3973472 0.3809549 0.4044411 0.5214555 0.4798346 0.5200312 0.8639287 0.7367576 0.7195487 0.198993 0.1073966 0.1200896 0.08901062 0.06493585 0.05451929 0.4771228 0.4602309 0.3955684 0.08482492 0.05570038 0.03407555 0.1737552 0.6377742 0.1884707
"12" 0.002876173 0.0004655019 0.1026368 0.001588158 2.794801e-05 0.8501582 0.0007253449 0.0001341756 0.02339206 0.002961961 0.9995796 0.001355169 0.9999234 0.0001268659 0.001649135 0.3773503 0.3969686 0.4564428 0.4998466 0.5005874 0.547204 0.8759365 0.751245 0.7129755 0.2101125 0.1151404 0.1129604 0.09240422 0.05931341 0.05391958 0.4751335 0.4777601 0.4347556 0.08380304 0.05415358 0.061285 0.170839 0.6571932 0.1719679
"13" 0.0001007608 0.0002538628 0.1201277 0.001239337 0.0001424588 0.8919759 0.0006542384 9.271093e-05 0.0359067 0.0007991142 0.999248 0.0003193272 0.9998963 4.383844e-05 0.007481954 0.3633546 0.392795 0.4113738 0.5468105 0.4898008 0.4914667 0.8572646 0.757642 0.7103711 0.1755026 0.1207976 0.1207626 0.07628719 0.06845618 0.02983925 0.5222324 0.4698223 0.4335048 0.09906612 0.05391206 0.03869793 0.1843057 0.6459739 0.1697203
"14" 0.001183073 0.0004374057 0.1104314 0.0004049952 0.0008069795 0.8543642 0.0001548726 0.0003611497 0.02873926 0.00632077 0.9998999 0.002084415 0.9988833 0.001689248 5.561696e-05 0.3511961 0.3804726 0.3917448 0.5472805 0.4958658 0.5111244 0.8699692 0.745734 0.6894677 0.1612214 0.1172893 0.12014 0.08036427 0.05581316 0.05316105 0.490759 0.4458864 0.4259742 0.08922437 0.06267948 0.04502025 0.1973034 0.6324203 0.1702763
"15" 0.0005393198 0.0001009783 0.1291004 0.0001759713 2.759793e-05 0.8784237 0.001863094 0.001294518 0.01997467 0.001940097 0.9999006 0.00071275 0.9987273 0.0001465829 0.0004503807 0.3596696 0.3846259 0.4192293 0.4776319 0.5029577 0.5194268 0.8949765 0.7360506 0.723695 0.169055 0.09836615 0.1103821 0.09567842 0.05357009 0.05461005 0.5102244 0.4774066 0.4406066 0.09650661 0.05234865 0.0502832 0.1897913 0.6347935 0.1754152
"16" 0.003574001 0.0001168875 0.1214995 0.002562735 3.256882e-06 0.8453187 0.001910804 0.0004944651 0.01793229 0.0009368078 0.9999582 0.002108907 0.998945 7.037633e-05 0.001275791 0.3504434 0.3915414 0.4045749 0.5301059 0.4983923 0.5330202 0.8754989 0.7460726 0.6973413 0.1884007 0.1100755 0.1146834 0.1175296 0.05897569 0.06376255 0.4863127 0.4726427 0.4423019 0.06757568 0.05498601 0.03517637 0.1791576 0.6383244 0.1825179
"17" 0.001116806 2.954575e-06 0.09631859 0.00367294 0.001954821 0.8848381 0.002719524 7.997553e-06 0.02246553 0.001469153 0.9993911 0.0005856247 0.9984335 0.0009298358 3.624054e-06 0.3836114 0.409315 0.3696475 0.5258292 0.494973 0.535643 0.8885424 0.7421906 0.7093337 0.1971852 0.1140348 0.1159091 0.0784768 0.07220313 0.05474017 0.5105045 0.467463 0.4349766 0.09423542 0.04475756 0.04350165 0.1860657 0.6396844 0.1742499
"18" 7.751194e-05 0.0004100458 0.1172324 0.0006267095 8.94108e-05 0.8516997 0.0005774234 0.0002818846 0.01564838 0.0009388015 0.9995593 0.001104805 0.9983127 6.208858e-05 0.0009019364 0.3876549 0.3884538 0.3769546 0.5121491 0.5145841 0.5100396 0.8620396 0.7491707 0.7070545 0.178685 0.09738459 0.1167437 0.08677161 0.05712739 0.04743926 0.486069 0.4567929 0.4351681 0.07831264 0.05700686 0.04124096 0.1794215 0.6447996 0.1757789
"19" 0.004765039 0.0001270451 0.1135401 0.001011171 0.0025616 0.8739921 0.0009055158 1.436195e-05 0.02834673 0.0002961561 0.9999138 0.002778429 0.994584 0.0005794235 0.0006406739 0.3771887 0.3911124 0.4035299 0.5397196 0.4782336 0.5328975 0.898092 0.7306154 0.7229755 0.1867855 0.1164632 0.1173341 0.08964242 0.06687728 0.05700957 0.4917802 0.4954202 0.4334546 0.0972392 0.05304452 0.04177574 0.1952281 0.6420813 0.1626906
"20" 0.0007140363 0.0003179039 0.1058857 0.002656689 0.0007118487 0.8430028 0.0005274598 0.000379567 0.0252594 0.0002094269 0.9998221 0.0009213605 0.9992774 0.0002031063 0.002343661 0.4154162 0.4032723 0.4374428 0.5299044 0.4977229 0.5389408 0.8769151 0.7418946 0.7119087 0.1882887 0.1061341 0.1243188 0.09442828 0.06007619 0.04103509 0.487973 0.4697411 0.4308295 0.07607357 0.05516224 0.03669079 0.1946352 0.6308952 0.1744696
"21" 0.000418254 0.0009781512 0.1107799 0.0001019222 0.0003882748 0.865278 0.001551487 0.0002710028 0.01842605 0.0004732039 0.9996714 2.66625e-05 0.999807 0.0003227437 0.001096473 0.3649911 0.4137632 0.4048756 0.5203624 0.4975838 0.5359592 0.8588326 0.7407486 0.7040801 0.1833309 0.1098467 0.09754112 0.08372373 0.05971818 0.05432783 0.4917292 0.4862862 0.4488565 0.0841261 0.05297781 0.04936706 0.1811744 0.660084 0.1587416
"22" 1.055713e-05 0.001009707 0.09404549 0.0001415398 0.000222563 0.8654109 0.0004657096 0.0005334383 0.02281536 0.0005488349 0.9995266 0.001114188 0.9982379 0.0001032098 0.001633641 0.3506963 0.3940228 0.3801801 0.5277206 0.4865232 0.4818325 0.8797301 0.745307 0.6974956 0.1789549 0.1182439 0.1204343 0.1063365 0.06444395 0.03922242 0.530125 0.4620862 0.4654845 0.07321106 0.05598771 0.02416924 0.1921903 0.6360069 0.1718028
"23" 0.002118336 0.0001057022 0.1180148 0.0001088603 3.631816e-05 0.8499888 0.001575174 0.0002743595 0.02340105 0.001401967 0.999726 0.004112778 0.9960741 0.0009813317 0.0001724203 0.3491929 0.4043281 0.4053651 0.5227545 0.5140205 0.519731 0.8897803 0.7407741 0.6756191 0.202713 0.1146057 0.1231853 0.08146462 0.0563057 0.05205102 0.4691596 0.4665392 0.4521379 0.07782443 0.04535316 0.03353802 0.1760395 0.6475943 0.1763662
"24" 0.001137507 0.0003575278 0.1143077 0.001288064 0.0008058225 0.8602578 0.0005918224 1.418598e-05 0.03330826 0.003895736 0.9979852 0.0004347536 0.9967242 0.0004031746 0.0003110714 0.3847401 0.415529 0.4117932 0.508123 0.5008987 0.5284355 0.8931486 0.7506492 0.7147268 0.1863109 0.1150975 0.1389073 0.09630658 0.06527949 0.04954882 0.5204767 0.458591 0.4507769 0.07130821 0.0517296 0.05297294 0.1791766 0.6431179 0.1777055
"25" 0.001489008 0.0003565381 0.1213869 0.001855735 0.0004063396 0.8559505 0.001980575 0.0002762702 0.03105738 0.0006765268 0.9994196 0.0001661769 0.9989317 0.0005125662 2.771841e-05 0.338239 0.4015786 0.3850265 0.5262991 0.4960475 0.5399564 0.8692971 0.7217924 0.7069855 0.1898332 0.1109183 0.08623773 0.081777 0.05788628 0.04561795 0.5084733 0.4844628 0.4087181 0.08831585 0.05858433 0.03400725 0.1812374 0.6489279 0.1698348
"26" 0.00124658 0.0004867677 0.1144658 0.001793654 0.0001711592 0.8610974 0.003280748 0.0001962162 0.03139144 0.0002916114 0.9991224 0.0008560445 0.9999644 0.0002926261 0.0003061124 0.4126707 0.4042244 0.4249342 0.5372387 0.4891374 0.5502311 0.8866553 0.7258002 0.6943667 0.2128328 0.1022416 0.1051571 0.08727097 0.06090762 0.0604633 0.4887967 0.4850428 0.4474096 0.08270423 0.06024377 0.04312719 0.1900764 0.6368869 0.1730367
"27" 0.0006989082 9.833252e-05 0.09164324 0.00490035 0.000187429 0.8683931 0.0001738914 0.0001300463 0.02414422 0.003737116 0.9995075 0.001848299 0.9994925 0.0001812186 0.001631575 0.340344 0.3829068 0.4044046 0.5244041 0.4939322 0.5079262 0.8848762 0.7242262 0.7181726 0.1895924 0.1087065 0.1082089 0.1066089 0.06395438 0.04160441 0.5318653 0.4664934 0.4226167 0.07632235 0.05576911 0.03194207 0.1937529 0.6286479 0.1775993
"28" 0.0004801224 0.0003312181 0.1039618 0.002082203 0.0002699911 0.8459333 0.0005102869 0.001077231 0.02457523 0.000126131 0.9999666 0.001211944 0.9998212 9.823988e-05 0.0001848456 0.4160204 0.4077004 0.4190423 0.5261901 0.4951344 0.5121296 0.8940783 0.7444937 0.7329119 0.1721664 0.114504 0.09781695 0.07649849 0.06389788 0.0453597 0.5161535 0.4588884 0.4105109 0.07473138 0.05731555 0.04102385 0.1958876 0.6396303 0.1644821
"29" 0.003262458 0.001210045 0.130096 0.001225812 7.697823e-05 0.8603867 0.0001198246 0.0003634076 0.02404319 4.421252e-05 0.9996219 0.002053753 0.9994134 0.0002194054 0.002721918 0.3608725 0.3837836 0.3841965 0.5313382 0.5120769 0.5575275 0.8746617 0.74357 0.6992366 0.205507 0.1145675 0.116991 0.09295971 0.05487322 0.03714034 0.4542627 0.4756192 0.4352329 0.1024849 0.04901287 0.05017007 0.1746801 0.646118 0.1792019
"30" 5.176881e-05 5.313794e-05 0.1003669 0.001920304 0.0004077293 0.8611432 0.0009773039 0.0004170668 0.0243214 0.00206713 0.9989065 0.001588442 0.9978263 0.0002559111 0.0003928622 0.3807703 0.3939637 0.3911575 0.5366752 0.5137467 0.5499356 0.8586567 0.732187 0.7008147 0.1639321 0.09878943 0.09785233 0.1125483 0.05210575 0.04681132 0.4894495 0.4848697 0.4450238 0.08916255 0.05504329 0.04659486 0.1899859 0.634877 0.1751371
"31" 0.005108622 0.0008732101 0.1205259 0.002373259 0.0002445136 0.8756944 0.00179822 0.0002955495 0.02118799 0.0003605212 0.9994765 0.0008667219 0.9998761 0.0001479839 0.006655766 0.3656396 0.3994016 0.4172641 0.5276875 0.4976211 0.4858062 0.8873882 0.7408726 0.7042464 0.1937977 0.1164407 0.1108385 0.08074127 0.0536216 0.05292217 0.4918775 0.4702329 0.4535282 0.09091273 0.05177596 0.03057481 0.1848124 0.6334499 0.1817377
"32" 0.00191151 6.908338e-05 0.1141257 0.002067155 3.345507e-05 0.8824086 0.002046479 0.0001041666 0.03158747 0.003343374 0.9996235 0.0007461125 0.9980993 4.834274e-05 0.0007020892 0.3673187 0.4016836 0.4059167 0.5196837 0.4939184 0.531473 0.875438 0.741459 0.7285927 0.1868374 0.1086284 0.1022576 0.08834466 0.06177322 0.04727086 0.5301327 0.4741075 0.4015611 0.06285323 0.05760679 0.04239429 0.1741698 0.6668747 0.1589555
"33" 0.004306263 0.0003181341 0.1069788 0.006210158 0.0001044143 0.860059 0.001945745 0.0001435146 0.02946227 0.0007635916 0.9994534 0.00130294 0.9990706 0.0003818891 0.005281395 0.3583282 0.3955814 0.4341872 0.5355126 0.5103598 0.5614927 0.8805738 0.7396055 0.7048937 0.1707819 0.09694245 0.1347273 0.09371697 0.06195363 0.04913406 0.4776901 0.465535 0.4324444 0.0976068 0.04719507 0.02779118 0.1870222 0.6329498 0.180028
"34" 0.0003341658 9.805551e-05 0.1253569 0.00135328 0.0002094758 0.8700429 0.000407134 0.0004530285 0.020351 0.0003073285 0.999681 0.00114803 0.99891 0.0005737767 0.002276868 0.3742996 0.3913493 0.4185737 0.5477818 0.4990371 0.495284 0.8766833 0.7351227 0.6928394 0.1943732 0.1098337 0.1058276 0.08201209 0.06100136 0.05132826 0.5153411 0.4659019 0.4812507 0.08139224 0.04507919 0.04753885 0.1854966 0.6485315 0.1659719
"35" 0.001092133 0.0001250232 0.09276193 0.0006458656 0.0008695387 0.8558859 0.001146583 0.0002050678 0.01595912 0.001459418 0.9999992 0.004132433 0.9987855 0.0004621035 0.001283575 0.3752989 0.392617 0.4111412 0.5273284 0.4986938 0.5069769 0.8740182 0.7383274 0.6899503 0.1728021 0.1166222 0.1143766 0.09074357 0.05750789 0.0369431 0.4676352 0.4655149 0.4404884 0.08208808 0.05262758 0.0381041 0.1837033 0.6433655 0.1729312
"36" 0.002390888 6.819247e-05 0.1178042 0.001402926 0.0008131354 0.8894029 0.0006300061 0.0002021221 0.02235741 0.0009872709 0.9998133 0.003270134 0.9996399 5.65449e-05 0.001812118 0.3570665 0.3885692 0.4251125 0.5243747 0.5042414 0.5540981 0.8711136 0.7411174 0.7165421 0.2020367 0.1165661 0.100084 0.09027167 0.05901788 0.0591952 0.5230412 0.4713615 0.4374212 0.08900148 0.05317303 0.0420534 0.1797088 0.6558827 0.1644084
"37" 0.002126512 0.0007131779 0.1068501 0.0001007342 0.0001734095 0.8800725 0.0008585015 0.0002842102 0.02258577 0.0005849173 0.9999869 0.0004786073 0.9983227 0.0004394812 0.007584977 0.3697109 0.3917971 0.4036293 0.483595 0.4967854 0.5240677 0.8733721 0.7341658 0.7654865 0.1849837 0.1003909 0.1268045 0.08779995 0.06371054 0.03849931 0.509608 0.4709835 0.422001 0.08391995 0.05703967 0.03462661 0.1781798 0.6482102 0.17361
"38" 0.0003413497 8.273045e-05 0.1190747 0.0005794615 1.827234e-06 0.8463886 8.843865e-05 2.930458e-05 0.02876974 0.004510909 0.9998087 0.001146142 0.9975577 0.0003303686 0.0004591219 0.3409866 0.3942041 0.3901248 0.514376 0.5191309 0.5256895 0.8577018 0.7521396 0.6879698 0.186642 0.1074363 0.1310861 0.07961396 0.06149587 0.05443774 0.4788989 0.4792715 0.3971957 0.07699904 0.05105466 0.0385892 0.1895306 0.6406534 0.1698161
"39" 0.00213341 0.001076945 0.1156908 0.003571134 0.0001681973 0.8557781 0.002003003 5.680674e-05 0.02398227 0.0002646477 0.9997094 0.001785922 0.9997961 0.0002775166 0.000463605 0.3754326 0.4136091 0.458324 0.5415537 0.5017517 0.5544274 0.8596908 0.7354557 0.7364356 0.1724158 0.1163365 0.1151206 0.0916583 0.06364649 0.05155294 0.4655109 0.4804607 0.4108212 0.07924303 0.05119487 0.05828349 0.1851277 0.6298876 0.1849847
"40" 0.001147372 5.376074e-05 0.1258233 0.002460657 0.0002144869 0.8740957 0.002059035 0.0001544661 0.0231805 0.002064115 0.9996622 0.0002624826 0.9915882 0.0001952925 0.005710009 0.3706678 0.3957972 0.4230585 0.5136994 0.5111726 0.5355377 0.8625253 0.7389802 0.7303745 0.1961819 0.1118691 0.1238679 0.08944367 0.05629024 0.06076789 0.5144695 0.4604163 0.4164728 0.07865613 0.06038881 0.04647013 0.1848766 0.6577104 0.157413
"41" 0.002524115 0.0001200358 0.1120988 0.00156157 0.0006533997 0.8532703 0.001769797 0.001839982 0.02873648 0.002917391 0.9995637 0.004697722 0.9998509 0.000535716 0.0002751841 0.3402112 0.4157886 0.4095026 0.4786915 0.5203614 0.5378569 0.875898 0.7400839 0.7332286 0.1881441 0.1163662 0.09860664 0.09701532 0.04916034 0.04256874 0.5135079 0.450708 0.4140409 0.09046397 0.06201102 0.03455263 0.1869509 0.6398853 0.1731638
"42" 0.001811008 0.000317385 0.1153182 0.002078486 1.384703e-05 0.8612983 0.002186228 0.0002005743 0.02918155 0.001015887 0.9993577 0.0008626934 0.9981633 0.0001006586 0.00217613 0.3877078 0.4100527 0.4219606 0.5271897 0.5115097 0.5287652 0.8691821 0.7562181 0.7282079 0.1823093 0.1074512 0.142484 0.08031533 0.06315445 0.03941934 0.5076327 0.4809727 0.4502566 0.09778548 0.04874351 0.03996137 0.1872371 0.6289774 0.1837855
"43" 5.677708e-05 0.000948386 0.08863749 0.0002993221 0.001586261 0.8726631 0.001833166 0.000582584 0.03083394 0.0005207152 0.9999699 0.003128994 0.9959641 0.001627662 0.004433831 0.398532 0.4030574 0.4151817 0.5352758 0.5078097 0.4989469 0.8916776 0.7208102 0.6802094 0.177704 0.1137912 0.1200775 0.1012132 0.0592698 0.05514895 0.5065833 0.4576646 0.4228511 0.0814504 0.05627304 0.03394707 0.1917213 0.6360009 0.1722778
"44" 0.00171953 0.001647871 0.1163628 0.0003518028 0.0007441678 0.889131 0.0004034132 0.0004920595 0.02081275 0.001085027 0.9998307 0.0006192542 0.9971056 0.0006634333 0.0001641064 0.365343 0.3868828 0.3906292 0.5043429 0.5014866 0.523696 0.8894344 0.7556103 0.7253091 0.2003198 0.1100955 0.1043505 0.08818829 0.06004808 0.06202416 0.5292855 0.4744223 0.4436782 0.08230556 0.05586861 0.03754725 0.1867615 0.6372878 0.1759507
"45" 0.0001763761 0.0003382818 0.1176543 0.0008474586 0.0004218 0.8557096 0.001604172 0.0008572354 0.02787086 0.001001788 0.9995613 0.000874391 0.9994141 0.0002672921 0.001322308 0.3621492 0.3937501 0.3921595 0.5151257 0.518945 0.5222873 0.891068 0.7334789 0.7173653 0.181623 0.1038617 0.09672183 0.1017568 0.06060197 0.06363647 0.5171326 0.4574263 0.4668444 0.08508989 0.05069848 0.03571662 0.1785448 0.651102 0.1703532
"46" 0.006649287 0.0003050671 0.1297861 0.001690995 2.934492e-06 0.8730666 0.001591388 0.0004785189 0.02677537 0.0009166747 0.9993886 0.001743886 0.9999295 0.0001527575 0.001107461 0.3942137 0.3905544 0.3965925 0.4891799 0.5053305 0.5118861 0.8767498 0.7346182 0.7128411 0.2052996 0.1170977 0.1051281 0.089728 0.05447534 0.05212439 0.5183346 0.4758389 0.4623741 0.09744515 0.05013383 0.03213884 0.1863832 0.633113 0.1805038
"47" 0.0009056915 0.0006603792 0.1021866 0.003391365 0.001945222 0.8584661 0.0006034326 0.000236975 0.0366089 0.00173368 0.9997298 0.002190766 0.9994731 0.000623615 0.001212328 0.3618287 0.3634601 0.3720179 0.5161062 0.5184913 0.5073361 0.877335 0.7399082 0.7257682 0.1940443 0.1144883 0.1306472 0.09821811 0.05873827 0.03816514 0.5197328 0.4594784 0.4193099 0.05816798 0.05797094 0.04310378 0.1806444 0.6477205 0.1716351
"48" 0.001470409 0.0001744663 0.1521495 0.002832349 0.001159129 0.8571447 0.001093419 9.759234e-05 0.01927505 1.877814e-05 0.9990558 0.0008559165 0.9998403 0.0002409486 0.001917129 0.377132 0.4073629 0.3991625 0.48639 0.5041051 0.4944201 0.8912614 0.7335206 0.7326568 0.1866435 0.1114892 0.1222131 0.09766092 0.05309196 0.05695621 0.5190671 0.4637985 0.4427891 0.09577182 0.04389934 0.04947664 0.1871346 0.6373421 0.1755233
"49" 0.00116375 4.482941e-05 0.1297695 0.0001816891 0.0009562741 0.8480613 0.00421621 0.0001167952 0.0176707 0.001673005 0.9999534 0.0009745268 0.9999518 3.854435e-05 0.0005653648 0.360459 0.3955658 0.4009957 0.5270963 0.5019811 0.5148234 0.8652664 0.7299648 0.7203817 0.1846099 0.1092791 0.1254265 0.08375305 0.06778545 0.0722082 0.5102993 0.4653521 0.4715174 0.1062691 0.05299039 0.03788577 0.1772889 0.6437509 0.1789602
"50" 0.0002408476 0.002147444 0.1517919 0.000737533 5.787503e-05 0.873242 0.004545671 0.0005001016 0.02757279 0.001037028 0.9994356 0.00141439 0.9993157 0.0004182051 0.0033636 0.3424445 0.4021711 0.403453 0.5032862 0.5097784 0.5310428 0.8660893 0.7374815 0.7151736 0.1837801 0.1145202 0.1401956 0.08513889 0.05575428 0.04726826 0.4781131 0.4818651 0.4601865 0.1048813 0.05556889 0.03774892 0.1884826 0.6359061 0.1756114
"51" 0.0011106 0.0009066616 0.1214674 0.0008674776 0.0001744893 0.8629038 0.0007258485 0.0006336173 0.01762526 0.0009534493 0.9992951 0.001227622 0.9990745 0.0001233028 0.003099881 0.3456438 0.3980171 0.4091962 0.5146546 0.4796354 0.5040426 0.9014299 0.7362512 0.7322084 0.1904505 0.1181907 0.1014849 0.0777744 0.06256259 0.05549537 0.4851668 0.482493 0.438045 0.09768704 0.04850213 0.035547 0.1898773 0.6465815 0.1635412
"52" 0.0005578744 0.0005285368 0.1132631 0.0003931828 4.364246e-05 0.8665612 0.003383253 0.0002438303 0.0116441 0.001560353 0.9997333 0.003157223 0.9998444 0.001026688 0.001224045 0.3658623 0.4013042 0.42525 0.4917479 0.5007361 0.559811 0.9033544 0.7497154 0.7161509 0.1831967 0.09684464 0.1106537 0.07464664 0.06309431 0.04080314 0.5049462 0.463538 0.4314783 0.09205105 0.0547312 0.03863863 0.1894811 0.6286977 0.1818212
"53" 0.000909544 0.0003456248 0.1250134 0.0004185025 5.573115e-05 0.865962 0.0006186872 2.364535e-05 0.02450272 0.00052438 0.9999827 0.001941718 0.9989761 0.0009252102 0.0006787045 0.3700423 0.3948998 0.4023029 0.5197291 0.5102699 0.5449081 0.8928005 0.7239258 0.714614 0.1888981 0.121938 0.1283361 0.08375847 0.06115055 0.0463198 0.4897659 0.4615864 0.4215833 0.0967484 0.04583465 0.0388459 0.1837275 0.6487054 0.1675671
"54" 0.0002413799 0.0004093806 0.111773 0.001363988 0.0002608695 0.878109 0.001877737 0.0003579076 0.01878116 0.002079416 0.9999479 0.0009707394 0.9951925 0.0007862139 0.0009498759 0.36556 0.4159774 0.4086452 0.5366041 0.5016609 0.5470521 0.8805122 0.7344847 0.6962871 0.1847963 0.103926 0.09419599 0.06728413 0.07865883 0.06455511 0.5210183 0.4719683 0.4028208 0.08962286 0.05005456 0.04108052 0.1919972 0.6405437 0.1674591
"55" 0.002867569 0.0007705279 0.1136973 0.001876468 7.469725e-05 0.8496932 0.0002499544 6.522622e-05 0.01460855 0.003348231 0.9998358 0.0002935918 0.9973611 0.0003803442 0.001090395 0.3668155 0.3824826 0.4122158 0.5194001 0.5049367 0.5369501 0.8905666 0.7513582 0.7035636 0.185994 0.120178 0.1091933 0.105466 0.06766379 0.05586851 0.5041931 0.4792309 0.4107879 0.08200193 0.05134756 0.02780941 0.1837262 0.6410344 0.1752394
"56" 0.0008664603 0.001021708 0.120718 0.0006804116 0.0009460125 0.860232 0.0007088723 2.428247e-05 0.0256482 0.001331614 0.9995773 0.001927905 0.9971421 5.340058e-05 0.004920277 0.4005628 0.4142766 0.4242345 0.4984033 0.5060808 0.5289404 0.8864257 0.7350965 0.7197574 0.2126262 0.1095245 0.1241539 0.09852341 0.06065075 0.04998237 0.4829864 0.4718358 0.4129798 0.07587001 0.05304851 0.04486871 0.1905537 0.6298998 0.1795465
"57" 0.002045098 3.540525e-05 0.1157362 0.0004726366 0.0001969343 0.8893514 0.0001496427 0.0002699686 0.02442495 0.0009107927 0.9989783 0.001357758 0.9991452 0.0005829122 0.000987359 0.3699426 0.4028349 0.3871419 0.5461025 0.4916957 0.561789 0.8846152 0.7290803 0.7175475 0.1857503 0.1183636 0.1006289 0.07763962 0.05121063 0.04434992 0.4723974 0.4689612 0.4353523 0.07653858 0.05128131 0.0430687 0.1810931 0.6449186 0.1739883
"58" 0.002342937 0.0005563877 0.1303134 0.001161631 0.0004198555 0.8624083 0.001182168 0.0001084068 0.02054286 0.0002945486 0.9999938 0.0006215571 0.9994253 0.0003673732 0.0001712499 0.3791441 0.3893129 0.4493893 0.5026605 0.5019966 0.5157617 0.8623914 0.7392895 0.7330249 0.2128821 0.1120282 0.1119293 0.09332824 0.06275632 0.04891414 0.5058616 0.4631665 0.4073651 0.09646851 0.05345349 0.03873883 0.1807973 0.6416841 0.1775186
"59" 0.003802528 0.001069453 0.123024 0.00113552 0.0001293028 0.8682 0.000496939 0.0005425384 0.02745531 0.0007907186 0.9996996 0.0007984464 0.9999593 0.0002259187 0.001267173 0.4172699 0.4111138 0.4244614 0.4849425 0.4904746 0.5335246 0.8915256 0.7468038 0.718455 0.1939373 0.1116044 0.124354 0.09353832 0.06957785 0.04572526 0.4975018 0.4797247 0.4044405 0.07144847 0.04469087 0.04201921 0.1839625 0.6405512 0.1754863
"60" 0.0009089917 0.0004686882 0.1224327 0.00208585 0.0001478627 0.8752223 0.001648458 0.0001059387 0.03007726 0.0006880387 0.9999388 1.014489e-05 0.999083 0.0006398885 0.001310346 0.383613 0.3948654 0.4224472 0.5302578 0.5054194 0.5453856 0.8774305 0.7361722 0.7150318 0.1742437 0.1014438 0.1264038 0.0953678 0.05167075 0.05513137 0.49396 0.4869855 0.4430794 0.08530495 0.05414424 0.0339656 0.1853569 0.6352531 0.1793899
"61" 0.0007924174 4.487106e-05 0.1067829 0.0004695798 5.678404e-05 0.8712917 0.004725471 0.0005067747 0.01361983 0.005632743 0.9995832 0.001629133 0.9926498 0.001050853 0.001189518 0.3499723 0.3987252 0.3932263 0.5183719 0.4792507 0.5409471 0.8871295 0.7275333 0.7047905 0.1993672 0.1103492 0.1190834 0.08888996 0.05611786 0.05509393 0.516385 0.4568567 0.4498148 0.08467637 0.05414584 0.02962127 0.1758795 0.6467278 0.1773926
"62" 0.0006424373 0.0009051847 0.095869 0.000230213 0.0006405231 0.8677342 0.003526404 0.0002783022 0.01577221 0.001101755 0.9993344 0.004837819 0.9949498 5.762463e-05 0.004056231 0.3782456 0.3917844 0.4041047 0.5118497 0.5036641 0.5202833 0.8671097 0.7457881 0.6939848 0.1770157 0.1058189 0.1111486 0.092073 0.05871284 0.0508711 0.4822678 0.4667064 0.4190545 0.06456882 0.05292356 0.04840368 0.1834482 0.6430847 0.1734671
"63" 0.0009079276 7.722365e-05 0.1388878 0.0008622213 0.0003169859 0.8573978 0.0009952797 0.0003891023 0.02180005 0.003354976 0.9998786 0.000996034 0.9995921 1.567288e-05 0.001539112 0.3867994 0.3835383 0.3976282 0.5530294 0.5128002 0.5251089 0.8875966 0.7308779 0.7060156 0.190912 0.1178359 0.1183122 0.09335323 0.06113968 0.06656114 0.4979244 0.4784354 0.4430271 0.08460975 0.05100616 0.03029712 0.1809961 0.6449742 0.1740297
"64" 0.0002072233 9.16271e-05 0.1135156 0.003377594 5.025454e-05 0.8657783 0.0002692829 0.0003375822 0.01885652 0.002211307 0.9999136 0.002757862 0.9992331 0.0002986142 0.0005378049 0.358133 0.3990785 0.4574348 0.551753 0.5080529 0.5414662 0.8856564 0.7361633 0.6914284 0.1946777 0.119768 0.1119498 0.1087146 0.06322469 0.05391682 0.4554648 0.4615274 0.4445096 0.07409064 0.04652119 0.03883182 0.1814806 0.6457936 0.1727258
"65" 0.0004834741 9.861208e-05 0.1328093 0.001031589 0.0003415096 0.8518822 0.0001389709 0.0001213459 0.02916422 0.0007829563 0.9999058 0.0002435905 0.9948473 0.0002545782 0.0001609569 0.3939196 0.4034336 0.4044955 0.5060971 0.4935603 0.5161725 0.8601335 0.7337345 0.7182234 0.1908669 0.1125218 0.1053481 0.09808263 0.05741631 0.03815041 0.4663154 0.4501062 0.4707398 0.08799689 0.05661121 0.0404982 0.1951943 0.6386913 0.1661144
"66" 0.001013964 0.0003963284 0.1211844 0.002010097 0.0007666932 0.8707218 0.004894593 0.0009092578 0.02108744 0.001593695 0.999706 0.001175803 0.9978983 0.0002386043 0.004275761 0.3747875 0.4143043 0.4061116 0.5160673 0.4906405 0.5170601 0.8813043 0.7356945 0.7275394 0.1908893 0.1106517 0.1040026 0.08854139 0.06796041 0.05549126 0.5017749 0.4859052 0.4545071 0.08666964 0.04855399 0.03578646 0.1871163 0.6306019 0.1822818
"67" 0.001455385 0.0005999198 0.1092231 0.001968002 0.000507306 0.8526776 0.00119247 0.001135312 0.03405756 0.003612625 0.9995964 0.000519738 0.9997515 0.000507693 0.002418981 0.3678529 0.3880176 0.3883865 0.5132804 0.4937912 0.5044566 0.8753663 0.7361018 0.7257136 0.1717524 0.1112746 0.1041242 0.08847312 0.06222215 0.04533021 0.4774203 0.4757953 0.3996561 0.1005357 0.05662398 0.02543075 0.1879329 0.6466523 0.1654148
"68" 0.0002645485 0.0009266238 0.1192511 0.002682295 0.0007616366 0.8456966 0.006376719 0.0003382155 0.01787949 0.0004277459 0.9999347 0.002115992 0.9992456 0.0006109517 0.0003122009 0.3917665 0.396817 0.4083441 0.5432651 0.5175721 0.5119961 0.8785904 0.7223611 0.7233394 0.1861948 0.1164502 0.1076016 0.09343921 0.07173179 0.03600363 0.5060977 0.4745143 0.4589026 0.07166135 0.05233393 0.05262552 0.1851548 0.6511618 0.1636834
"69" 0.000170854 0.001999616 0.1251082 0.001558981 0.00101397 0.8476602 0.001995718 0.0003725862 0.02883212 0.0004420748 0.9998745 0.0004113874 0.999479 0.0003602589 0.004048179 0.3722934 0.4064914 0.4184955 0.4715374 0.4736889 0.5443644 0.8623744 0.7268036 0.691005 0.1818324 0.10898 0.123296 0.09660266 0.06112874 0.04556418 0.4944404 0.4795462 0.4759528 0.08547186 0.05191411 0.04584823 0.1853806 0.6431803 0.1714391
"70" 0.001291319 0.0005385781 0.1014111 0.003219732 0.0001538366 0.8773311 0.00132025 0.0001577834 0.02579032 0.0008563755 0.9998524 0.002572793 0.9986599 0.0003326073 0.002553617 0.354277 0.3964045 0.4025544 0.5013012 0.496284 0.5117115 0.891498 0.7311847 0.7025855 0.1952481 0.1105006 0.1110098 0.09199296 0.06390839 0.04583161 0.4990197 0.4657175 0.4106923 0.08506405 0.04862775 0.04752128 0.1998986 0.6421853 0.1579161
"71" 0.001666748 0.00108348 0.1343154 0.007562327 0.0002434691 0.8908418 0.000127715 0.0005124326 0.02366593 0.00459222 0.9999887 0.001142546 0.9973542 0.0001843879 0.0004332683 0.3503403 0.388522 0.4136085 0.544774 0.5011122 0.5272558 0.8661617 0.7539452 0.7195047 0.2139442 0.1126734 0.1195418 0.0994448 0.06901686 0.04205111 0.4940997 0.4685584 0.4470851 0.09216102 0.05256508 0.03978951 0.1976669 0.6399006 0.1624325
"72" 0.001421146 8.793424e-05 0.08736672 0.001039382 0.0002384297 0.8842595 0.0004758781 4.478147e-05 0.03120333 6.202684e-05 0.9999759 0.001445549 0.9998143 0.001664286 0.003075893 0.379255 0.4047918 0.4293944 0.5259473 0.4905313 0.4697198 0.8786069 0.7326745 0.7223283 0.1935448 0.1099873 0.09942189 0.09599975 0.0614615 0.03531333 0.4906739 0.4743175 0.4433167 0.08911102 0.05567995 0.03566535 0.1784764 0.6615894 0.1599342
"73" 0.0001052441 0.0002664071 0.1276736 0.0001979896 0.0001644349 0.8734503 0.003262102 0.0003831386 0.0219119 0.0004919171 0.9993594 0.001087501 0.9949932 0.0007370214 0.0002018986 0.3683841 0.40097 0.4001926 0.499387 0.4961539 0.5112616 0.8680404 0.727545 0.6788029 0.2174794 0.1132576 0.1221808 0.08248211 0.06153203 0.04926186 0.4804671 0.4458499 0.43794 0.08545205 0.05906515 0.04020036 0.1847848 0.6409467 0.1742685
"74" 0.0008732971 3.77254e-05 0.1166191 0.002688039 0.0001096905 0.8654365 0.0007638422 0.0003996451 0.02420206 0.001494069 0.9993174 0.000352461 0.9978346 0.0002408225 0.0005222299 0.3775364 0.3799528 0.3999786 0.5207351 0.4987104 0.5758636 0.8872711 0.7341878 0.7002003 0.1787532 0.1121702 0.124672 0.07522763 0.05806771 0.05777771 0.4931212 0.4728067 0.3904503 0.0900906 0.0477988 0.04694822 0.193171 0.6372358 0.1695932
"75" 0.0006968766 0.0001503075 0.1276575 0.0002863468 0.0001940175 0.8564038 0.0002594761 0.000331682 0.02495389 0.003268847 0.9994505 0.003192596 0.999647 0.0001964611 0.002843602 0.3588008 0.3978765 0.4318403 0.5084185 0.5031824 0.5325731 0.8963855 0.7522248 0.7033715 0.224798 0.1046484 0.1145168 0.09527734 0.04645568 0.06610168 0.5053589 0.4556919 0.4573672 0.1183504 0.05855999 0.05706838 0.1845747 0.6340001 0.1814252
"76" 0.000384988 0.0007152869 0.1254956 0.001006985 1.930323e-05 0.8617844 0.005905715 3.144333e-06 0.01810771 0.000189012 0.9988314 0.003777351 0.9980824 6.527612e-05 0.002563483 0.3538778 0.3882705 0.4357834 0.5359994 0.4855124 0.527088 0.8858505 0.7389751 0.7052655 0.1849403 0.1105698 0.1119354 0.084964 0.06749276 0.06263783 0.4901144 0.4644155 0.4294983 0.08506592 0.06234522 0.0448133 0.1850354 0.6386287 0.1763359
"77" 0.003917427 0.000636075 0.08038019 0.0004769433 0.0003267344 0.8489882 0.003107416 0.0008620523 0.02731916 0.0003687366 0.9998597 0.001380196 0.9965425 0.0006647116 0.004807464 0.3524922 0.4082885 0.4017646 0.5014342 0.4887013 0.550145 0.8788463 0.7417965 0.7393069 0.2184842 0.1230276 0.09881332 0.07553066 0.06468221 0.0407398 0.5080269 0.4582694 0.4576227 0.09447961 0.04693137 0.0460035 0.174176 0.6546637 0.1711603
"78" 0.0007538172 0.0006223629 0.1250465 0.002678082 0.000325335 0.8476844 0.005067245 0.000136856 0.02076858 0.0002035545 0.9998819 0.0009045077 0.9989239 0.0003599547 0.003770675 0.3777627 0.3905981 0.3830547 0.512927 0.5155908 0.5180288 0.8878672 0.7515174 0.7026298 0.1754042 0.1153825 0.1438191 0.1070748 0.0529097 0.03992763 0.5464075 0.4817639 0.4088714 0.09644372 0.0454204 0.04962929 0.1908652 0.6361819 0.1729529
"79" 0.001944132 0.0002089445 0.1070723 0.0008652268 0.0008896522 0.8663278 0.002076226 9.374193e-05 0.01218415 0.001107123 0.999872 0.0007819251 0.9995926 0.0003657525 0.007562286 0.4137977 0.3954775 0.4150084 0.5182016 0.5037613 0.5520046 0.8774348 0.7413234 0.6940385 0.1691208 0.1063269 0.0994651 0.09594041 0.05803722 0.04836373 0.5268931 0.4492184 0.4132844 0.07140349 0.0499147 0.02540627 0.1854224 0.6450152 0.1695624
"80" 0.0008374853 0.0009399256 0.1142098 0.001433011 0.000221897 0.854809 0.0002407172 4.662048e-05 0.02521368 0.0004650127 0.9997825 0.0001180438 0.9998704 0.0001504819 0.001085199 0.3549498 0.3972417 0.4590539 0.5618664 0.511202 0.5147593 0.8873764 0.7391107 0.7175834 0.1902395 0.1231611 0.1030991 0.1158098 0.06553415 0.0462599 0.4830933 0.478427 0.461163 0.08178651 0.04951669 0.04078124 0.1842842 0.6456329 0.1700829
"81" 0.0001058451 1.666101e-05 0.1148044 0.0006046047 0.000760345 0.8658963 0.0004712259 0.0004706156 0.02564535 0.001028315 0.9999289 0.004188025 0.9981344 9.587727e-05 0.002651023 0.3651961 0.3845436 0.3935123 0.5369205 0.4972091 0.5395692 0.8628497 0.7443419 0.6850351 0.1625072 0.1021074 0.1186539 0.08721046 0.05459121 0.04938648 0.4959787 0.4731601 0.4402592 0.1030329 0.0570684 0.04606601 0.1877687 0.6398957 0.1723356
"82" 0.001117226 0.0002726354 0.1027355 2.820045e-05 0.0008370047 0.8546927 1.332056e-05 0.0001195253 0.04328819 0.001129886 0.9991937 0.000117147 0.9981864 1.043722e-05 0.001715528 0.3706944 0.4044246 0.4346718 0.5193977 0.5059431 0.5325457 0.8790698 0.7354449 0.6985716 0.1903634 0.1100072 0.1126625 0.08505466 0.04736093 0.03591439 0.5023557 0.4669551 0.448022 0.08658623 0.04667498 0.04324578 0.1876257 0.6486814 0.1636929
"83" 0.0009274575 0.0005994856 0.1208861 0.001688974 0.0005255203 0.8767065 0.0004746972 0.0009491365 0.02460757 0.0004465561 0.9998691 1.368726e-05 0.9965599 0.000315752 0.0004483865 0.3716596 0.3993437 0.4035722 0.4862031 0.5031514 0.5129436 0.854135 0.7632568 0.7408085 0.1943409 0.1176312 0.1263226 0.09956251 0.06039463 0.0500147 0.5224745 0.4616322 0.395816 0.0855529 0.05929883 0.04426207 0.1834404 0.6505571 0.1660025
"84" 0.0003821706 0.001287112 0.1248808 0.0001890493 0.0009760085 0.8737274 0.001453674 0.0001843481 0.0255958 0.001518769 0.9999845 0.002639094 0.9976098 0.0002480302 0.001536508 0.3498134 0.4105246 0.410316 0.5420782 0.5007845 0.5546118 0.8752686 0.7385952 0.7220995 0.21034 0.1267452 0.1159238 0.1109502 0.05903046 0.05403399 0.4737792 0.4753575 0.4328716 0.08695233 0.04798523 0.05028998 0.1769639 0.6507064 0.1723297
"85" 0.00337105 0.0005065711 0.113523 1.389177e-05 0.0001782938 0.8807842 0.001818649 0.0004811915 0.02516017 0.001311987 0.9996418 0.001238415 0.9980476 0.0006976096 0.002476607 0.4070944 0.4108049 0.4007665 0.518718 0.5200891 0.5317693 0.888355 0.7443433 0.695028 0.2064455 0.1058702 0.1174549 0.08378783 0.05675157 0.04477629 0.5012207 0.4758759 0.4362481 0.07122831 0.0534146 0.04061856 0.1796914 0.6466081 0.1737005
"86" 0.0001469253 0.0002497103 0.1160118 0.001129703 0.0005355341 0.8775224 0.00050097 1.248983e-05 0.02499258 0.001188614 0.9994025 0.001235708 0.9991615 0.0003638145 0.000407972 0.3997982 0.3900573 0.4087945 0.5263875 0.4907037 0.5154208 0.8791322 0.7293501 0.7028944 0.2067159 0.1138701 0.08486352 0.09115337 0.05683721 0.04449224 0.5428601 0.4694762 0.4361363 0.07508278 0.05675494 0.04005182 0.1876373 0.6460425 0.1663202
"87" 0.0049277 0.001487062 0.1223284 0.000291579 0.0003499125 0.8240801 0.0001749295 0.0001039297 0.01396479 0.001696065 0.9993239 0.004944534 0.9998803 2.752323e-05 0.002513591 0.3870646 0.378373 0.4324975 0.553891 0.5060569 0.5440133 0.8818772 0.7399407 0.7248548 0.2009434 0.1138528 0.1088461 0.1146522 0.05798478 0.03579839 0.4630179 0.4743922 0.4554516 0.07894976 0.04497228 0.04615753 0.1805836 0.630752 0.1886645
"88" 4.001321e-05 0.000405942 0.09849106 0.0003674322 0.0003707698 0.8764588 0.0002700636 0.000154609 0.01895467 0.003201283 0.9997263 0.003925098 0.9993243 0.0003506354 0.001543543 0.3582183 0.3881636 0.4535791 0.5297251 0.5084168 0.5406015 0.8953709 0.7350529 0.7239671 0.1800045 0.1193954 0.1481698 0.09472774 0.05994539 0.05753189 0.4946437 0.4608258 0.4375019 0.0962236 0.05619141 0.03669656 0.1812008 0.6451017 0.1736975
"89" 3.854153e-06 0.0003333572 0.0938855 0.002036371 0.000488888 0.8598626 0.001069189 6.693148e-06 0.01178996 0.0006068103 0.9998087 0.005746707 0.998878 0.0004175598 0.004581567 0.394842 0.408933 0.403402 0.5309872 0.4948198 0.5431219 0.9012634 0.7363511 0.724008 0.1677309 0.1136883 0.1177144 0.08148626 0.0649294 0.03214687 0.4988697 0.4643354 0.4489069 0.09485033 0.05123176 0.03689459 0.1828597 0.6445863 0.172554
"90" 0.0008449761 0.0001977181 0.1074653 0.002841506 3.30413e-05 0.8769009 0.002910186 5.752196e-05 0.03367813 0.00111765 0.9997616 0.001698551 0.9961562 6.005926e-05 0.005510525 0.351342 0.3927949 0.3915291 0.507784 0.4816565 0.5369329 0.8726936 0.7361394 0.6937722 0.1930893 0.1075442 0.1259643 0.1092071 0.06014088 0.054887 0.516859 0.4705681 0.4075043 0.07791129 0.04908691 0.03165263 0.1842938 0.6428457 0.1728605
"91" 0.002205158 9.801849e-05 0.1053543 0.001624513 0.0001625824 0.8569792 0.00296907 0.001597631 0.02414276 0.000975152 0.9990629 0.000617113 0.9990909 9.610714e-05 0.001378055 0.3504998 0.4042396 0.4376976 0.5174072 0.4997102 0.5393008 0.8953804 0.746381 0.6916121 0.1715231 0.1089188 0.1241044 0.1005909 0.0605083 0.06966308 0.5006599 0.4729663 0.4894432 0.09027296 0.04678528 0.05383361 0.1988338 0.6278583 0.1733078
"92" 0.001180384 4.623451e-05 0.1603794 2.514063e-05 5.927422e-05 0.8723537 4.518315e-05 0.0001244352 0.02104899 0.002314682 0.9997056 0.001486297 0.9996203 0.000476158 0.0001924722 0.3752678 0.399447 0.4131677 0.5151748 0.5057577 0.5001667 0.8954084 0.7464289 0.7174793 0.1781139 0.1106955 0.1108353 0.1028246 0.05330472 0.04346699 0.5129319 0.4716442 0.4452348 0.08323768 0.06666175 0.04793153 0.1827572 0.632703 0.1845397
"93" 0.0002306275 5.515268e-05 0.09830982 0.002530227 0.0007935591 0.8881823 8.47172e-05 0.0004451599 0.02315286 0.006877353 0.99922 0.0005043288 0.999754 0.001207558 0.001249432 0.3428599 0.4073929 0.4075036 0.5246003 0.499362 0.5270619 0.870829 0.727001 0.7077017 0.1884029 0.115524 0.1077952 0.08789733 0.05780265 0.05740206 0.4820423 0.4733321 0.4485285 0.08681784 0.04875332 0.04282546 0.1725496 0.6622843 0.1651662
"94" 0.001713887 0.0001266586 0.1137332 0.0006285926 0.001247837 0.8739644 9.980059e-06 0.0001531316 0.02696715 0.001371619 0.999142 0.0004315068 0.9995669 0.0005738857 0.005261827 0.3507762 0.3950221 0.4512278 0.5128698 0.4832051 0.5499516 0.895444 0.7488989 0.7221247 0.1942953 0.1105966 0.1287571 0.083181 0.0564988 0.07406831 0.4870258 0.4796162 0.435504 0.07287673 0.05123971 0.0751834 0.1872846 0.6251015 0.1876139
"95" 0.0003125814 6.290158e-06 0.1371235 0.00249195 0.0002920703 0.8356239 0.0003355649 3.502227e-05 0.01888016 0.0005214988 0.9999828 0.0001647671 0.999663 0.0001762743 0.001916216 0.347665 0.4069425 0.3998229 0.4949183 0.5032771 0.5137219 0.849165 0.7407555 0.7072432 0.1745961 0.101516 0.1243047 0.1029409 0.05097751 0.04048159 0.5285718 0.4627494 0.4698546 0.08508341 0.0495814 0.04909919 0.1781868 0.6502739 0.1715393
"96" 0.0002837674 0.0002495614 0.1129179 0.00432017 0.0004877886 0.85296 0.005638356 0.0001227384 0.01756035 0.0007382272 0.999309 0.0004497253 0.9986474 9.802529e-06 0.00197796 0.3615481 0.39981 0.4039001 0.5188307 0.5055492 0.5652173 0.886071 0.7417601 0.7188447 0.1969435 0.1220585 0.124632 0.08857577 0.06437108 0.04186514 0.5021273 0.4750454 0.439616 0.06884769 0.05754824 0.05207986 0.1875982 0.6352948 0.1771069
"97" 0.0003193919 2.824291e-05 0.1147273 0.0007143499 0.0005561686 0.8728626 0.000213432 4.635793e-06 0.03207595 0.001010897 0.999857 0.0001389013 0.9987113 0.000335812 0.0003668712 0.4217458 0.3968052 0.3725534 0.4737444 0.4987021 0.5170881 0.8831044 0.7269622 0.7294475 0.2042294 0.1060912 0.106577 0.1222042 0.05271298 0.04817546 0.5123563 0.4618064 0.4548516 0.1040105 0.05345343 0.04349257 0.1871021 0.6466817 0.1662161
"98" 0.0003659226 0.0007134564 0.1036758 0.0002093915 0.0004589578 0.8711374 0.00283459 0.0007387358 0.03567459 0.001595465 0.9998959 0.001921793 0.9979298 0.000779946 0.0007076304 0.3759441 0.3666003 0.3991411 0.5297128 0.4996396 0.5338201 0.8908896 0.7456959 0.7114481 0.1723919 0.1106518 0.1291754 0.09172537 0.05868008 0.0528685 0.5457925 0.4814427 0.407491 0.1082745 0.05125048 0.02923927 0.1768415 0.6492478 0.1739107
"99" 0.0007139876 3.16837e-05 0.1167729 0.000259446 7.286313e-05 0.8453207 0.0002231299 0.0004476367 0.02543819 0.0003405248 0.997654 0.0007529529 0.9993195 0.0004666672 0.002067443 0.3354042 0.3942687 0.3861431 0.5025044 0.5020299 0.5107807 0.8790553 0.7360489 0.6808532 0.1639094 0.1057415 0.1165364 0.09204454 0.05679249 0.04974556 0.4961406 0.447621 0.4258735 0.07971366 0.05189909 0.04654039 0.1968627 0.631918 0.1712193
"100" 0.00107183 0.0003664134 0.1198345 0.003781386 0.001130577 0.8510636 0.001917405 0.001909368 0.02649729 0.000306921 0.9993573 0.003452043 0.9991038 0.0003429472 0.005596705 0.416672 0.3725834 0.4348577 0.5139158 0.5066743 0.5071571 0.9037424 0.7316839 0.7171963 0.1755885 0.1099246 0.09805769 0.08942795 0.05977086 0.04852371 0.5113762 0.4741643 0.4527477 0.104221 0.04485803 0.05823051 0.1890294 0.6352557 0.1757149
