"STEPHENS" "ECR" "ECR-ITERATIVE-1"
"z.1" 2 2 2
"z.2" 1 1 1
"z.3" 2 2 2
"z.4" 2 2 2
"z.5" 1 1 1
"z.6" 2 2 2
"z.7" 2 2 2
"z.8" 2 2 2
"z.9" 2 2 2
"z.10" 3 3 3
"z.11" 2 2 2
"z.12" 2 2 2
"z.13" 1 1 1
"z.14" 2 2 2
"z.15" 2 2 2
"z.16" 2 2 2
"z.17" 3 3 3
"z.18" 1 1 1
"z.19" 1 1 1
"z.20" 2 2 2
"z.21" 1 1 1
"z.22" 2 2 2
"z.23" 1 1 1
"z.24" 2 2 2
"z.25" 2 2 2
"z.26" 1 1 1
"z.27" 1 1 1
"z.28" 3 3 3
"z.29" 2 2 2
"z.30" 2 2 2
"z.31" 2 2 2
"z.32" 2 2 2
"z.33" 2 2 2
"z.34" 2 2 2
"z.35" 2 2 2
"z.36" 2 2 2
"z.37" 3 3 3
"z.38" 2 2 2
"z.39" 2 2 2
"z.40" 1 1 1
"z.41" 2 2 2
"z.42" 2 2 2
"z.43" 2 2 2
"z.44" 1 1 1
"z.45" 3 3 3
"z.46" 2 2 2
"z.47" 2 2 2
"z.48" 2 2 2
"z.49" 1 1 1
"z.50" 3 3 3
"z.51" 2 2 2
"z.52" 2 2 2
"z.53" 1 1 1
"z.54" 2 2 2
"z.55" 2 2 2
"z.56" 2 2 2
"z.57" 2 2 2
"z.58" 1 1 1
"z.59" 3 3 3
"z.60" 2 2 2
"z.61" 3 3 3
"z.62" 2 2 2
"z.63" 2 2 2
"z.64" 1 1 1
"z.65" 2 2 2
"z.66" 2 2 2
"z.67" 2 2 2
"z.68" 2 2 2
"z.69" 1 1 1
"z.70" 2 2 2
"z.71" 2 2 2
"z.72" 2 2 2
"z.73" 2 2 2
"z.74" 2 2 2
"z.75" 2 2 2
"z.76" 1 1 1
"z.77" 2 2 2
"z.78" 2 2 2
"z.79" 1 1 1
"z.80" 2 2 2
"z.81" 3 3 3
"z.82" 3 3 3
"z.83" 3 3 3
"z.84" 2 2 2
"z.85" 2 2 2
"z.86" 2 2 2
"z.87" 1 1 1
"z.88" 2 2 2
"z.89" 3 3 3
"z.90" 2 2 2
"z.91" 2 2 2
"z.92" 1 1 1
"z.93" 2 2 2
"z.94" 3 3 3
"z.95" 1 1 1
"z.96" 2 2 2
"z.97" 1 1 1
"z.98" 2 2 2
"z.99" 2 2 2
"z.100" 2 2 2
"z.101" 2 2 2
"z.102" 3 3 3
"z.103" 1 1 1
"z.104" 3 3 3
"z.105" 2 2 2
"z.106" 2 2 2
"z.107" 2 2 2
"z.108" 2 2 2
"z.109" 1 1 1
"z.110" 3 3 3
"z.111" 2 2 2
"z.112" 1 1 1
"z.113" 3 3 3
"z.114" 2 2 2
"z.115" 2 2 2
"z.116" 1 1 1
"z.117" 2 2 2
"z.118" 2 2 2
"z.119" 1 1 1
"z.120" 2 2 2
"z.121" 3 3 3
"z.122" 2 2 2
"z.123" 2 2 2
"z.124" 1 1 1
"z.125" 1 1 1
"z.126" 1 1 1
"z.127" 2 2 2
"z.128" 2 2 2
"z.129" 2 2 2
"z.130" 1 1 1
"z.131" 1 1 1
"z.132" 2 2 2
"z.133" 2 2 2
"z.134" 2 2 2
"z.135" 1 1 1
"z.136" 1 1 1
"z.137" 2 2 2
"z.138" 3 3 3
"z.139" 1 1 1
"z.140" 1 1 1
"z.141" 1 1 1
"z.142" 2 2 2
"z.143" 1 1 1
"z.144" 1 1 1
"z.145" 1 1 1
"z.146" 2 2 2
"z.147" 1 1 1
"z.148" 2 2 2
"z.149" 2 2 2
"z.150" 2 2 2
"z.151" 2 2 2
"z.152" 2 2 2
"z.153" 1 1 1
"z.154" 3 3 3
"z.155" 2 2 2
"z.156" 2 2 2
"z.157" 2 2 2
"z.158" 1 1 1
"z.159" 2 2 2
"z.160" 2 2 2
"z.161" 2 2 2
"z.162" 2 2 2
"z.163" 2 2 2
"z.164" 1 1 1
"z.165" 2 2 2
"z.166" 1 1 1
"z.167" 1 1 1
"z.168" 3 3 3
"z.169" 2 2 2
"z.170" 2 2 2
"z.171" 1 1 1
"z.172" 2 2 2
"z.173" 3 3 3
"z.174" 2 2 2
"z.175" 2 2 2
"z.176" 1 1 1
"z.177" 2 2 2
"z.178" 1 1 1
"z.179" 2 2 2
"z.180" 1 1 1
"z.181" 3 3 3
"z.182" 2 2 2
"z.183" 2 2 2
"z.184" 3 3 3
"z.185" 3 3 3
"z.186" 2 2 2
"z.187" 2 2 2
"z.188" 1 1 1
"z.189" 1 1 1
"z.190" 2 2 2
"z.191" 1 1 1
"z.192" 2 2 2
"z.193" 1 1 1
"z.194" 1 1 1
"z.195" 1 1 1
"z.196" 2 2 2
"z.197" 2 2 2
"z.198" 2 2 2
"z.199" 2 2 2
"z.200" 2 2 2
"z.201" 2 2 2
"z.202" 1 1 1
"z.203" 2 2 2
"z.204" 2 2 2
"z.205" 2 2 2
"z.206" 1 1 1
"z.207" 2 2 2
"z.208" 1 1 1
"z.209" 2 2 2
"z.210" 2 2 2
"z.211" 2 2 2
"z.212" 2 2 2
"z.213" 2 2 2
"z.214" 2 2 2
"z.215" 2 2 2
"z.216" 3 3 3
"z.217" 1 1 1
"z.218" 2 2 2
"z.219" 2 2 2
"z.220" 2 2 2
"z.221" 2 2 2
"z.222" 2 2 2
"z.223" 3 3 3
"z.224" 2 2 2
"z.225" 2 2 2
"z.226" 1 1 1
"z.227" 2 2 2
"z.228" 2 2 2
"z.229" 2 2 2
"z.230" 2 2 2
"z.231" 2 2 2
"z.232" 3 3 3
"z.233" 2 2 2
"z.234" 3 3 3
"z.235" 1 1 1
"z.236" 1 1 1
"z.237" 2 2 2
"z.238" 2 2 2
"z.239" 2 2 2
"z.240" 2 2 2
"z.241" 2 2 2
"z.242" 1 1 1
"z.243" 2 2 2
"z.244" 2 2 2
"z.245" 2 2 2
"z.246" 1 1 1
"z.247" 1 1 1
"z.248" 2 2 2
"z.249" 2 2 2
"z.250" 3 3 3
"z.251" 2 2 2
"z.252" 2 2 2
"z.253" 2 2 2
"z.254" 2 2 2
"z.255" 2 2 2
"z.256" 2 2 2
"z.257" 1 1 1
"z.258" 2 2 2
"z.259" 2 2 2
"z.260" 3 3 3
"z.261" 2 2 2
"z.262" 2 2 2
"z.263" 2 2 2
"z.264" 2 2 2
"z.265" 3 3 3
"z.266" 1 1 1
"z.267" 2 2 2
"z.268" 2 2 2
"z.269" 3 3 3
"z.270" 2 2 2
"z.271" 3 3 3
"z.272" 1 1 1
"z.273" 2 2 2
"z.274" 2 2 2
"z.275" 2 2 2
"z.276" 2 2 2
"z.277" 2 2 2
"z.278" 2 2 2
"z.279" 3 3 3
"z.280" 1 1 1
"z.281" 2 2 2
"z.282" 1 1 1
"z.283" 1 1 1
"z.284" 2 2 2
"z.285" 2 2 2
"z.286" 1 1 1
"z.287" 1 1 1
"z.288" 2 2 2
"z.289" 2 2 2
"z.290" 2 2 2
"z.291" 2 2 2
"z.292" 2 2 2
"z.293" 3 3 3
"z.294" 3 3 3
"z.295" 2 2 2
"z.296" 2 2 2
"z.297" 3 3 3
"z.298" 2 2 2
"z.299" 1 1 1
"z.300" 2 2 2
"z.301" 3 3 3
"z.302" 2 2 2
"z.303" 2 2 2
"z.304" 2 2 2
"z.305" 2 2 2
"z.306" 1 1 1
"z.307" 2 2 2
"z.308" 2 2 2
"z.309" 2 2 2
"z.310" 1 1 1
"z.311" 2 2 2
"z.312" 2 2 2
"z.313" 3 3 3
"z.314" 3 3 3
"z.315" 3 3 3
"z.316" 2 2 2
"z.317" 2 2 2
"z.318" 1 1 1
"z.319" 3 3 3
"z.320" 3 3 3
"z.321" 2 2 2
"z.322" 2 2 2
"z.323" 2 2 2
"z.324" 2 2 2
"z.325" 2 2 2
"z.326" 2 2 2
"z.327" 2 2 2
"z.328" 2 2 2
"z.329" 2 2 2
"z.330" 2 2 2
"z.331" 2 2 2
"z.332" 3 3 3
"z.333" 3 3 3
"z.334" 1 1 1
"z.335" 3 3 3
"z.336" 2 2 2
"z.337" 1 1 1
"z.338" 2 2 2
"z.339" 2 2 2
"z.340" 2 2 2
"z.341" 2 2 2
"z.342" 1 1 1
"z.343" 3 3 3
"z.344" 1 1 1
"z.345" 3 3 3
"z.346" 2 2 2
"z.347" 2 2 2
"z.348" 2 2 2
"z.349" 2 2 2
"z.350" 2 2 2
"z.351" 2 2 2
"z.352" 1 1 1
"z.353" 2 2 2
"z.354" 2 2 2
"z.355" 2 2 2
"z.356" 1 1 1
"z.357" 2 2 2
"z.358" 2 2 2
"z.359" 1 1 1
"z.360" 2 2 2
"z.361" 3 3 3
"z.362" 2 2 2
"z.363" 2 2 2
"z.364" 3 3 3
"z.365" 2 2 2
"z.366" 1 1 1
"z.367" 2 2 2
"z.368" 2 2 2
"z.369" 1 1 1
"z.370" 2 2 2
"z.371" 2 2 2
"z.372" 2 2 2
"z.373" 2 2 2
"z.374" 3 3 3
"z.375" 2 2 2
"z.376" 2 2 2
"z.377" 2 2 2
"z.378" 2 2 2
"z.379" 3 3 3
"z.380" 2 2 2
"z.381" 2 2 2
"z.382" 2 2 2
"z.383" 2 2 2
"z.384" 2 2 2
"z.385" 2 2 2
"z.386" 2 2 2
"z.387" 3 3 3
"z.388" 2 2 2
"z.389" 1 1 1
"z.390" 1 1 1
"z.391" 2 2 2
"z.392" 1 1 1
"z.393" 2 2 2
"z.394" 2 2 2
"z.395" 3 3 3
"z.396" 2 2 2
"z.397" 3 3 3
"z.398" 2 2 2
"z.399" 1 1 1
"z.400" 2 2 2
"z.401" 2 2 2
"z.402" 2 2 2
"z.403" 2 2 2
"z.404" 2 2 2
"z.405" 3 3 3
"z.406" 1 1 1
"z.407" 2 2 2
"z.408" 2 2 2
"z.409" 2 2 2
"z.410" 2 2 2
"z.411" 2 2 2
"z.412" 1 1 1
"z.413" 2 2 2
"z.414" 2 2 2
"z.415" 3 3 3
"z.416" 2 2 2
"z.417" 1 1 1
"z.418" 2 2 2
"z.419" 2 2 2
"z.420" 1 1 1
"z.421" 2 2 2
"z.422" 1 1 1
"z.423" 2 2 2
"z.424" 2 2 2
"z.425" 2 2 2
"z.426" 2 2 2
"z.427" 2 2 2
"z.428" 2 2 2
"z.429" 2 2 2
"z.430" 1 1 1
"z.431" 2 2 2
"z.432" 2 2 2
"z.433" 1 1 1
"z.434" 2 2 2
"z.435" 2 2 2
"z.436" 2 2 2
"z.437" 2 2 2
"z.438" 2 2 2
"z.439" 2 2 2
"z.440" 2 2 2
"z.441" 1 1 1
"z.442" 3 3 3
"z.443" 2 2 2
"z.444" 1 1 1
"z.445" 2 2 2
"z.446" 3 3 3
"z.447" 3 3 3
"z.448" 2 2 2
"z.449" 2 2 2
"z.450" 2 2 2
"z.451" 3 3 3
"z.452" 1 1 1
"z.453" 2 2 2
"z.454" 3 3 3
"z.455" 3 3 3
"z.456" 2 2 2
"z.457" 2 2 2
"z.458" 2 2 2
"z.459" 2 2 2
"z.460" 2 2 2
"z.461" 1 1 1
"z.462" 2 2 2
"z.463" 2 2 2
"z.464" 3 3 3
"z.465" 3 3 3
"z.466" 1 1 1
"z.467" 1 1 1
"z.468" 2 2 2
"z.469" 3 3 3
"z.470" 2 2 2
"z.471" 2 2 2
"z.472" 2 2 2
"z.473" 1 1 1
"z.474" 2 2 2
"z.475" 3 3 3
"z.476" 2 2 2
"z.477" 1 1 1
"z.478" 1 1 1
"z.479" 1 1 1
"z.480" 2 2 2
"z.481" 2 2 2
"z.482" 3 3 3
"z.483" 1 1 1
"z.484" 1 1 1
"z.485" 2 2 2
"z.486" 2 2 2
"z.487" 2 2 2
"z.488" 2 2 2
"z.489" 1 1 1
"z.490" 1 1 1
"z.491" 1 1 1
"z.492" 2 2 2
"z.493" 2 2 2
"z.494" 3 3 3
"z.495" 1 1 1
"z.496" 2 2 2
"z.497" 1 1 1
"z.498" 2 2 2
"z.499" 2 2 2
"z.500" 3 3 3
"z.501" 3 3 3
"z.502" 3 3 3
"z.503" 2 2 2
"z.504" 2 2 2
"z.505" 2 2 2
"z.506" 3 3 3
"z.507" 2 2 2
"z.508" 2 2 2
"z.509" 2 2 2
"z.510" 2 2 2
"z.511" 2 2 2
"z.512" 2 2 2
"z.513" 1 1 1
"z.514" 2 2 2
"z.515" 3 3 3
"z.516" 2 2 2
"z.517" 2 2 2
"z.518" 2 2 2
"z.519" 2 2 2
"z.520" 2 2 2
"z.521" 2 2 2
"z.522" 2 2 2
"z.523" 2 2 2
"z.524" 2 2 2
"z.525" 3 3 3
"z.526" 2 2 2
"z.527" 2 2 2
"z.528" 2 2 2
"z.529" 1 1 1
"z.530" 2 2 2
"z.531" 2 2 2
"z.532" 2 2 2
"z.533" 2 2 2
"z.534" 2 2 2
"z.535" 2 2 2
"z.536" 1 1 1
"z.537" 2 2 2
"z.538" 2 2 2
"z.539" 2 2 2
"z.540" 1 1 1
"z.541" 2 2 2
"z.542" 2 2 2
"z.543" 3 3 3
"z.544" 2 2 2
"z.545" 2 2 2
"z.546" 1 1 1
"z.547" 2 2 2
"z.548" 2 2 2
"z.549" 2 2 2
"z.550" 2 2 2
"z.551" 2 2 2
"z.552" 2 2 2
"z.553" 2 2 2
"z.554" 2 2 2
"z.555" 2 2 2
"z.556" 2 2 2
"z.557" 3 3 3
"z.558" 1 1 1
"z.559" 3 3 3
"z.560" 2 2 2
"z.561" 2 2 2
"z.562" 3 3 3
"z.563" 2 2 2
"z.564" 2 2 2
"z.565" 2 2 2
"z.566" 2 2 2
"z.567" 2 2 2
"z.568" 2 2 2
"z.569" 2 2 2
"z.570" 2 2 2
"z.571" 2 2 2
"z.572" 2 2 2
"z.573" 3 3 3
"z.574" 2 2 2
"z.575" 3 3 3
"z.576" 2 2 2
"z.577" 2 2 2
"z.578" 2 2 2
"z.579" 2 2 2
"z.580" 2 2 2
"z.581" 1 1 1
"z.582" 2 2 2
"z.583" 2 2 2
"z.584" 2 2 2
"z.585" 2 2 2
"z.586" 2 2 2
"z.587" 2 2 2
"z.588" 2 2 2
"z.589" 2 2 2
"z.590" 2 2 2
"z.591" 3 3 3
"z.592" 2 2 2
"z.593" 2 2 2
"z.594" 2 2 2
"z.595" 2 2 2
"z.596" 2 2 2
"z.597" 1 1 1
"z.598" 2 2 2
"z.599" 2 2 2
"z.600" 3 3 3
"z.601" 2 2 2
"z.602" 2 2 2
"z.603" 2 2 2
"z.604" 3 3 3
"z.605" 3 3 3
"z.606" 3 3 3
"z.607" 3 3 3
"z.608" 2 2 2
"z.609" 3 3 3
"z.610" 3 3 3
"z.611" 3 3 3
"z.612" 3 3 3
"z.613" 3 3 3
"z.614" 2 2 2
"z.615" 3 3 3
"z.616" 3 3 3
"z.617" 2 2 2
"z.618" 2 2 2
"z.619" 3 3 3
"z.620" 2 2 2
"z.621" 3 3 3
"z.622" 2 2 2
"z.623" 2 2 2
"z.624" 3 3 3
"z.625" 2 2 2
"z.626" 1 1 1
"z.627" 2 2 2
"z.628" 3 3 3
"z.629" 2 2 2
"z.630" 1 1 1
"z.631" 2 2 2
"z.632" 2 2 2
"z.633" 2 2 2
"z.634" 1 1 1
"z.635" 2 2 2
"z.636" 2 2 2
"z.637" 2 2 2
"z.638" 2 2 2
"z.639" 2 2 2
"z.640" 2 2 2
"z.641" 2 2 2
"z.642" 2 2 2
"z.643" 1 1 1
"z.644" 2 2 2
"z.645" 2 2 2
"z.646" 2 2 2
"z.647" 2 2 2
"z.648" 2 2 2
"z.649" 3 3 3
"z.650" 2 2 2
"z.651" 2 2 2
"z.652" 2 2 2
"z.653" 2 2 2
"z.654" 2 2 2
"z.655" 2 2 2
"z.656" 1 1 1
"z.657" 3 3 3
"z.658" 3 3 3
"z.659" 2 2 2
"z.660" 2 2 2
"z.661" 2 2 2
"z.662" 1 1 1
"z.663" 3 3 3
"z.664" 2 2 2
"z.665" 2 2 2
"z.666" 1 1 1
"z.667" 1 1 1
"z.668" 2 2 2
"z.669" 2 2 2
"z.670" 1 1 1
"z.671" 2 2 2
"z.672" 2 2 2
"z.673" 2 2 2
"z.674" 2 2 2
"z.675" 2 2 2
"z.676" 3 3 3
"z.677" 2 2 2
"z.678" 2 2 2
"z.679" 2 2 2
"z.680" 2 2 2
"z.681" 2 2 2
"z.682" 2 2 2
"z.683" 2 2 2
"z.684" 2 2 2
"z.685" 2 2 2
"z.686" 2 2 2
"z.687" 1 1 1
"z.688" 3 3 3
"z.689" 1 1 1
"z.690" 2 2 2
"z.691" 2 2 2
"z.692" 1 1 1
"z.693" 1 1 1
"z.694" 2 2 2
"z.695" 3 3 3
"z.696" 1 1 1
"z.697" 1 1 1
"z.698" 2 2 2
"z.699" 2 2 2
"z.700" 2 2 2
"z.701" 2 2 2
"z.702" 3 3 3
"z.703" 1 1 1
"z.704" 2 2 2
"z.705" 1 1 1
"z.706" 2 2 2
"z.707" 2 2 2
"z.708" 1 1 1
"z.709" 2 2 2
"z.710" 2 2 2
"z.711" 3 3 3
"z.712" 2 2 2
"z.713" 1 1 1
"z.714" 2 2 2
"z.715" 3 3 3
"z.716" 2 2 2
"z.717" 2 2 2
"z.718" 2 2 2
"z.719" 2 2 2
"z.720" 2 2 2
"z.721" 2 2 2
"z.722" 2 2 2
"z.723" 2 2 2
"z.724" 1 1 1
"z.725" 2 2 2
"z.726" 2 2 2
"z.727" 2 2 2
"z.728" 3 3 3
"z.729" 2 2 2
"z.730" 2 2 2
"z.731" 2 2 2
"z.732" 3 3 3
"z.733" 2 2 2
"z.734" 2 2 2
"z.735" 1 1 1
"z.736" 2 2 2
"z.737" 1 1 1
"z.738" 3 3 3
"z.739" 2 2 2
"z.740" 2 2 2
"z.741" 2 2 2
"z.742" 2 2 2
"z.743" 2 2 2
"z.744" 3 3 3
"z.745" 2 2 2
"z.746" 2 2 2
"z.747" 2 2 2
"z.748" 2 2 2
"z.749" 1 1 1
"z.750" 1 1 1
"z.751" 1 1 1
"z.752" 3 3 3
"z.753" 2 2 2
"z.754" 3 3 3
"z.755" 2 2 2
"z.756" 2 2 2
"z.757" 2 2 2
"z.758" 2 2 2
"z.759" 1 1 1
"z.760" 2 2 2
"z.761" 2 2 2
"z.762" 2 2 2
"z.763" 2 2 2
"z.764" 2 2 2
"z.765" 2 2 2
"z.766" 2 2 2
"z.767" 2 2 2
"z.768" 3 3 3
"z.769" 1 1 1
"z.770" 2 2 2
"z.771" 3 3 3
"z.772" 2 2 2
"z.773" 2 2 2
"z.774" 2 2 2
"z.775" 1 1 1
"z.776" 2 2 2
"z.777" 1 1 1
"z.778" 1 1 1
"z.779" 2 2 2
"z.780" 2 2 2
"z.781" 2 2 2
"z.782" 2 2 2
"z.783" 2 2 2
"z.784" 2 2 2
"z.785" 2 2 2
"z.786" 3 3 3
"z.787" 1 1 1
"z.788" 2 2 2
"z.789" 1 1 1
"z.790" 3 3 3
"z.791" 2 2 2
"z.792" 2 2 2
"z.793" 2 2 2
"z.794" 2 2 2
"z.795" 2 2 2
"z.796" 3 3 3
"z.797" 2 2 2
"z.798" 3 3 3
"z.799" 1 1 1
"z.800" 2 2 2
"z.801" 1 1 1
"z.802" 2 2 2
"z.803" 2 2 2
"z.804" 2 2 2
"z.805" 1 1 1
"z.806" 2 2 2
"z.807" 2 2 2
"z.808" 2 2 2
"z.809" 1 1 1
"z.810" 2 2 2
"z.811" 3 3 3
"z.812" 1 1 1
"z.813" 2 2 2
"z.814" 2 2 2
"z.815" 2 2 2
"z.816" 2 2 2
"z.817" 1 1 1
"z.818" 2 2 2
"z.819" 3 3 3
"z.820" 1 1 1
"z.821" 1 1 1
"z.822" 2 2 2
"z.823" 1 1 1
"z.824" 2 2 2
"z.825" 2 2 2
"z.826" 2 2 2
"z.827" 3 3 3
"z.828" 2 2 2
"z.829" 2 2 2
"z.830" 2 2 2
"z.831" 2 2 2
"z.832" 2 2 2
"z.833" 2 2 2
"z.834" 2 2 2
"z.835" 2 2 2
"z.836" 2 2 2
"z.837" 2 2 2
"z.838" 2 2 2
"z.839" 3 3 3
"z.840" 2 2 2
"z.841" 2 2 2
"z.842" 2 2 2
"z.843" 3 3 3
"z.844" 2 2 2
"z.845" 2 2 2
"z.846" 2 2 2
"z.847" 2 2 2
"z.848" 3 3 3
"z.849" 2 2 2
"z.850" 2 2 2
"z.851" 2 2 2
"z.852" 2 2 2
"z.853" 1 1 1
"z.854" 2 2 2
"z.855" 2 2 2
"z.856" 3 3 3
"z.857" 2 2 2
"z.858" 2 2 2
"z.859" 3 3 3
"z.860" 3 3 3
"z.861" 2 2 2
"z.862" 2 2 2
"z.863" 2 2 2
"z.864" 2 2 2
"z.865" 2 2 2
"z.866" 2 2 2
"z.867" 3 3 3
"z.868" 3 3 3
"z.869" 2 2 2
"z.870" 1 1 1
"z.871" 2 2 2
"z.872" 2 2 2
"z.873" 2 2 2
"z.874" 2 2 2
"z.875" 2 2 2
"z.876" 2 2 2
"z.877" 2 2 2
"z.878" 2 2 2
"z.879" 1 1 1
"z.880" 2 2 2
"z.881" 2 2 2
"z.882" 2 2 2
"z.883" 2 2 2
"z.884" 2 2 2
"z.885" 2 2 2
"z.886" 2 2 2
"z.887" 2 2 2
"z.888" 2 2 2
"z.889" 1 1 1
"z.890" 3 3 3
"z.891" 2 2 2
"z.892" 2 2 2
"z.893" 2 2 2
"z.894" 1 1 1
"z.895" 1 1 1
"z.896" 2 2 2
"z.897" 1 1 1
"z.898" 1 1 1
"z.899" 2 2 2
"z.900" 3 3 3
"z.901" 3 3 3
"z.902" 2 2 2
"z.903" 3 3 3
"z.904" 3 3 3
"z.905" 2 2 2
"z.906" 3 3 3
"z.907" 1 1 1
"z.908" 2 2 2
"z.909" 2 2 2
"z.910" 2 2 2
"z.911" 2 2 2
"z.912" 2 2 2
"z.913" 3 3 3
"z.914" 1 1 1
"z.915" 2 2 2
"z.916" 2 2 2
"z.917" 2 2 2
"z.918" 2 2 2
"z.919" 2 2 2
"z.920" 2 2 2
"z.921" 3 3 3
"z.922" 2 2 2
"z.923" 2 2 2
"z.924" 2 2 2
"z.925" 2 2 2
"z.926" 2 2 2
"z.927" 2 2 2
"z.928" 3 3 3
"z.929" 2 2 2
"z.930" 1 1 1
"z.931" 2 2 2
"z.932" 2 2 2
"z.933" 3 3 3
"z.934" 1 1 1
"z.935" 2 2 2
"z.936" 3 3 3
"z.937" 2 2 2
"z.938" 2 2 2
"z.939" 2 2 2
"z.940" 2 2 2
"z.941" 1 1 1
"z.942" 1 1 1
"z.943" 3 3 3
"z.944" 2 2 2
"z.945" 2 2 2
"z.946" 3 3 3
"z.947" 3 3 3
"z.948" 2 2 2
"z.949" 2 2 2
"z.950" 2 2 2
"z.951" 2 2 2
"z.952" 1 1 1
"z.953" 2 2 2
"z.954" 2 2 2
"z.955" 1 1 1
"z.956" 2 2 2
"z.957" 2 2 2
"z.958" 2 2 2
"z.959" 1 1 1
"z.960" 1 1 1
"z.961" 2 2 2
"z.962" 2 2 2
"z.963" 2 2 2
"z.964" 1 1 1
"z.965" 1 1 1
"z.966" 2 2 2
"z.967" 2 2 2
"z.968" 1 1 1
"z.969" 2 2 2
"z.970" 2 2 2
"z.971" 2 2 2
"z.972" 2 2 2
"z.973" 2 2 2
"z.974" 2 2 2
"z.975" 1 1 1
"z.976" 2 2 2
"z.977" 2 2 2
"z.978" 2 2 2
"z.979" 2 2 2
"z.980" 1 1 1
"z.981" 2 2 2
"z.982" 2 2 2
"z.983" 3 3 3
"z.984" 1 1 1
"z.985" 1 1 1
"z.986" 2 2 2
"z.987" 3 3 3
"z.988" 2 2 2
"z.989" 1 1 1
"z.990" 2 2 2
"z.991" 3 3 3
"z.992" 2 2 2
"z.993" 2 2 2
"z.994" 2 2 2
"z.995" 2 2 2
"z.996" 2 2 2
"z.997" 3 3 3
"z.998" 1 1 1
"z.999" 2 2 2
"z.1000" 2 2 2
"z.1001" 2 2 2
"z.1002" 2 2 2
"z.1003" 2 2 2
"z.1004" 2 2 2
"z.1005" 2 2 2
"z.1006" 2 2 2
"z.1007" 1 1 1
"z.1008" 3 3 3
"z.1009" 1 1 1
"z.1010" 2 2 2
"z.1011" 2 2 2
"z.1012" 3 3 3
"z.1013" 2 2 2
"z.1014" 3 3 3
"z.1015" 3 3 3
"z.1016" 2 2 2
"z.1017" 2 2 2
"z.1018" 2 2 2
"z.1019" 2 2 2
"z.1020" 2 2 2
"z.1021" 2 2 2
"z.1022" 2 2 2
"z.1023" 2 2 2
"z.1024" 2 2 2
"z.1025" 2 2 2
"z.1026" 2 2 2
"z.1027" 2 2 2
"z.1028" 3 3 3
"z.1029" 2 2 2
"z.1030" 2 2 2
"z.1031" 2 2 2
"z.1032" 3 3 3
"z.1033" 2 2 2
"z.1034" 2 2 2
"z.1035" 2 2 2
"z.1036" 3 3 3
"z.1037" 2 2 2
"z.1038" 2 2 2
"z.1039" 2 2 2
"z.1040" 2 2 2
"z.1041" 2 2 2
"z.1042" 1 1 1
"z.1043" 2 2 2
"z.1044" 3 3 3
"z.1045" 2 2 2
"z.1046" 2 2 2
"z.1047" 2 2 2
"z.1048" 2 2 2
"z.1049" 2 2 2
"z.1050" 3 3 3
"z.1051" 2 2 2
"z.1052" 1 1 1
"z.1053" 2 2 2
"z.1054" 1 1 1
"z.1055" 3 3 3
"z.1056" 2 2 2
"z.1057" 2 2 2
"z.1058" 2 2 2
"z.1059" 3 3 3
"z.1060" 2 2 2
"z.1061" 1 1 1
"z.1062" 3 3 3
"z.1063" 3 3 3
"z.1064" 2 2 2
"z.1065" 2 2 2
"z.1066" 2 2 2
"z.1067" 3 3 3
"z.1068" 2 2 2
"z.1069" 1 1 1
"z.1070" 1 1 1
"z.1071" 3 3 3
"z.1072" 3 3 3
"z.1073" 1 1 1
"z.1074" 2 2 2
"z.1075" 2 2 2
"z.1076" 2 2 2
"z.1077" 1 1 1
"z.1078" 2 2 2
"z.1079" 1 1 1
"z.1080" 2 2 2
"z.1081" 2 2 2
"z.1082" 2 2 2
"z.1083" 2 2 2
"z.1084" 2 2 2
"z.1085" 2 2 2
"z.1086" 1 1 1
"z.1087" 2 2 2
"z.1088" 3 3 3
"z.1089" 2 2 2
"z.1090" 3 3 3
"z.1091" 3 3 3
"z.1092" 1 1 1
"z.1093" 3 3 3
"z.1094" 2 2 2
"z.1095" 2 2 2
"z.1096" 2 2 2
"z.1097" 2 2 2
"z.1098" 2 2 2
"z.1099" 2 2 2
"z.1100" 2 2 2
"z.1101" 3 3 3
"z.1102" 3 3 3
"z.1103" 2 2 2
"z.1104" 1 1 1
"z.1105" 2 2 2
"z.1106" 2 2 2
"z.1107" 2 2 2
"z.1108" 2 2 2
"z.1109" 2 2 2
"z.1110" 1 1 1
"z.1111" 2 2 2
"z.1112" 2 2 2
"z.1113" 2 2 2
"z.1114" 1 1 1
"z.1115" 2 2 2
"z.1116" 2 2 2
"z.1117" 1 1 1
"z.1118" 2 2 2
"z.1119" 2 2 2
"z.1120" 1 1 1
"z.1121" 3 3 3
"z.1122" 2 2 2
"z.1123" 1 1 1
"z.1124" 1 1 1
"z.1125" 2 2 2
"z.1126" 2 2 2
"z.1127" 2 2 2
"z.1128" 2 2 2
"z.1129" 2 2 2
"z.1130" 2 2 2
"z.1131" 2 2 2
"z.1132" 3 3 3
"z.1133" 1 1 1
"z.1134" 2 2 2
"z.1135" 2 2 2
"z.1136" 2 2 2
"z.1137" 2 2 2
"z.1138" 1 1 1
"z.1139" 2 2 2
"z.1140" 2 2 2
"z.1141" 2 2 2
"z.1142" 2 2 2
"z.1143" 2 2 2
"z.1144" 3 3 3
"z.1145" 2 2 2
"z.1146" 2 2 2
"z.1147" 3 3 3
"z.1148" 3 3 3
"z.1149" 2 2 2
"z.1150" 2 2 2
"z.1151" 2 2 2
"z.1152" 2 2 2
"z.1153" 2 2 2
"z.1154" 2 2 2
"z.1155" 2 2 2
"z.1156" 2 2 2
"z.1157" 2 2 2
"z.1158" 2 2 2
"z.1159" 2 2 2
"z.1160" 1 1 1
"z.1161" 3 3 3
"z.1162" 3 3 3
"z.1163" 2 2 2
"z.1164" 3 3 3
"z.1165" 2 2 2
"z.1166" 2 2 2
"z.1167" 2 2 2
"z.1168" 2 2 2
"z.1169" 2 2 2
"z.1170" 2 2 2
"z.1171" 1 1 1
"z.1172" 2 2 2
"z.1173" 2 2 2
"z.1174" 3 3 3
"z.1175" 2 2 2
"z.1176" 2 2 2
"z.1177" 3 3 3
"z.1178" 1 1 1
"z.1179" 3 3 3
"z.1180" 2 2 2
"z.1181" 2 2 2
"z.1182" 2 2 2
"z.1183" 2 2 2
"z.1184" 1 1 1
"z.1185" 2 2 2
"z.1186" 2 2 2
"z.1187" 2 2 2
"z.1188" 1 1 1
"z.1189" 2 2 2
"z.1190" 2 2 2
"z.1191" 2 2 2
"z.1192" 2 2 2
"z.1193" 2 2 2
"z.1194" 2 2 2
"z.1195" 1 1 1
"z.1196" 2 2 2
"z.1197" 3 3 3
"z.1198" 2 2 2
"z.1199" 2 2 2
"z.1200" 2 2 2
"z.1201" 2 2 2
"z.1202" 2 2 2
"z.1203" 2 2 2
"z.1204" 2 2 2
"z.1205" 2 2 2
"z.1206" 2 2 2
"z.1207" 2 2 2
"z.1208" 1 1 1
"z.1209" 2 2 2
"z.1210" 2 2 2
"z.1211" 1 1 1
"z.1212" 2 2 2
"z.1213" 2 2 2
"z.1214" 3 3 3
"z.1215" 1 1 1
"z.1216" 2 2 2
"z.1217" 1 1 1
"z.1218" 2 2 2
"z.1219" 2 2 2
"z.1220" 2 2 2
"z.1221" 3 3 3
"z.1222" 2 2 2
"z.1223" 2 2 2
"z.1224" 3 3 3
"z.1225" 3 3 3
"z.1226" 2 2 2
"z.1227" 2 2 2
"z.1228" 2 2 2
"z.1229" 3 3 3
"z.1230" 2 2 2
"z.1231" 2 2 2
"z.1232" 2 2 2
"z.1233" 2 2 2
"z.1234" 3 3 3
"z.1235" 2 2 2
"z.1236" 1 1 1
"z.1237" 3 3 3
"z.1238" 3 3 3
"z.1239" 2 2 2
"z.1240" 3 3 3
"z.1241" 1 1 1
"z.1242" 2 2 2
"z.1243" 2 2 2
"z.1244" 3 3 3
"z.1245" 2 2 2
"z.1246" 2 2 2
"z.1247" 1 1 1
"z.1248" 2 2 2
"z.1249" 2 2 2
"z.1250" 2 2 2
"z.1251" 2 2 2
"z.1252" 2 2 2
"z.1253" 2 2 2
"z.1254" 2 2 2
"z.1255" 2 2 2
"z.1256" 2 2 2
"z.1257" 2 2 2
"z.1258" 3 3 3
"z.1259" 3 3 3
"z.1260" 2 2 2
"z.1261" 1 1 1
"z.1262" 2 2 2
"z.1263" 2 2 2
"z.1264" 1 1 1
"z.1265" 3 3 3
"z.1266" 1 1 1
"z.1267" 2 2 2
"z.1268" 1 1 1
"z.1269" 1 1 1
"z.1270" 2 2 2
"z.1271" 2 2 2
"z.1272" 2 2 2
"z.1273" 1 1 1
"z.1274" 2 2 2
"z.1275" 2 2 2
"z.1276" 3 3 3
"z.1277" 2 2 2
"z.1278" 2 2 2
"z.1279" 2 2 2
"z.1280" 2 2 2
"z.1281" 1 1 1
"z.1282" 2 2 2
"z.1283" 2 2 2
"z.1284" 2 2 2
"z.1285" 1 1 1
"z.1286" 2 2 2
"z.1287" 3 3 3
"z.1288" 2 2 2
"z.1289" 2 2 2
"z.1290" 2 2 2
"z.1291" 2 2 2
"z.1292" 2 2 2
"z.1293" 1 1 1
"z.1294" 2 2 2
"z.1295" 2 2 2
"z.1296" 2 2 2
"z.1297" 2 2 2
"z.1298" 2 2 2
"z.1299" 3 3 3
"z.1300" 2 2 2
"z.1301" 2 2 2
"z.1302" 2 2 2
"z.1303" 2 2 2
"z.1304" 2 2 2
"z.1305" 2 2 2
"z.1306" 2 2 2
"z.1307" 2 2 2
"z.1308" 2 2 2
"z.1309" 2 2 2
"z.1310" 2 2 2
"z.1311" 2 2 2
"z.1312" 2 2 2
"z.1313" 2 2 2
"z.1314" 2 2 2
"z.1315" 3 3 3
"z.1316" 2 2 2
"z.1317" 2 2 2
"z.1318" 3 3 3
"z.1319" 1 1 1
"z.1320" 1 1 1
"z.1321" 3 3 3
"z.1322" 3 3 3
"z.1323" 2 2 2
"z.1324" 1 1 1
"z.1325" 1 1 1
"z.1326" 2 2 2
"z.1327" 3 3 3
"z.1328" 1 1 1
"z.1329" 2 2 2
"z.1330" 3 3 3
"z.1331" 2 2 2
"z.1332" 1 1 1
"z.1333" 2 2 2
"z.1334" 2 2 2
"z.1335" 2 2 2
"z.1336" 2 2 2
"z.1337" 2 2 2
"z.1338" 3 3 3
"z.1339" 1 1 1
"z.1340" 3 3 3
"z.1341" 1 1 1
"z.1342" 2 2 2
"z.1343" 2 2 2
"z.1344" 1 1 1
"z.1345" 1 1 1
"z.1346" 2 2 2
"z.1347" 3 3 3
"z.1348" 2 2 2
"z.1349" 2 2 2
"z.1350" 1 1 1
"z.1351" 2 2 2
"z.1352" 2 2 2
"z.1353" 1 1 1
"z.1354" 2 2 2
"z.1355" 2 2 2
"z.1356" 3 3 3
"z.1357" 3 3 3
"z.1358" 2 2 2
"z.1359" 3 3 3
"z.1360" 2 2 2
"z.1361" 3 3 3
"z.1362" 3 3 3
"z.1363" 2 2 2
"z.1364" 2 2 2
"z.1365" 2 2 2
"z.1366" 2 2 2
"z.1367" 3 3 3
"z.1368" 2 2 2
"z.1369" 2 2 2
"z.1370" 2 2 2
"z.1371" 1 1 1
"z.1372" 2 2 2
"z.1373" 2 2 2
"z.1374" 2 2 2
"z.1375" 2 2 2
"z.1376" 3 3 3
"z.1377" 3 3 3
"z.1378" 1 1 1
"z.1379" 2 2 2
"z.1380" 3 3 3
"z.1381" 2 2 2
"z.1382" 2 2 2
"z.1383" 2 2 2
"z.1384" 2 2 2
"z.1385" 2 2 2
"z.1386" 2 2 2
"z.1387" 2 2 2
"z.1388" 2 2 2
"z.1389" 2 2 2
"z.1390" 1 1 1
"z.1391" 1 1 1
"z.1392" 2 2 2
"z.1393" 2 2 2
"z.1394" 1 1 1
"z.1395" 2 2 2
"z.1396" 2 2 2
"z.1397" 2 2 2
"z.1398" 2 2 2
"z.1399" 3 3 3
"z.1400" 3 3 3
"z.1401" 1 1 1
"z.1402" 1 1 1
"z.1403" 3 3 3
"z.1404" 2 2 2
"z.1405" 1 1 1
"z.1406" 2 2 2
"z.1407" 2 2 2
"z.1408" 1 1 1
"z.1409" 2 2 2
"z.1410" 2 2 2
"z.1411" 2 2 2
"z.1412" 2 2 2
"z.1413" 2 2 2
"z.1414" 2 2 2
"z.1415" 2 2 2
"z.1416" 1 1 1
"z.1417" 2 2 2
"z.1418" 2 2 2
"z.1419" 3 3 3
"z.1420" 1 1 1
"z.1421" 2 2 2
"z.1422" 2 2 2
"z.1423" 2 2 2
"z.1424" 3 3 3
"z.1425" 2 2 2
"z.1426" 1 1 1
"z.1427" 2 2 2
"z.1428" 2 2 2
"z.1429" 2 2 2
"z.1430" 1 1 1
"z.1431" 2 2 2
"z.1432" 2 2 2
"z.1433" 2 2 2
"z.1434" 2 2 2
"z.1435" 3 3 3
"z.1436" 3 3 3
"z.1437" 2 2 2
"z.1438" 1 1 1
"z.1439" 2 2 2
"z.1440" 2 2 2
"z.1441" 2 2 2
"z.1442" 2 2 2
"z.1443" 2 2 2
"z.1444" 2 2 2
"z.1445" 2 2 2
"z.1446" 2 2 2
"z.1447" 1 1 1
"z.1448" 2 2 2
"z.1449" 2 2 2
"z.1450" 2 2 2
"z.1451" 3 3 3
"z.1452" 1 1 1
"z.1453" 2 2 2
"z.1454" 3 3 3
"z.1455" 2 2 2
"z.1456" 1 1 1
"z.1457" 3 3 3
"z.1458" 2 2 2
"z.1459" 2 2 2
"z.1460" 3 3 3
"z.1461" 2 2 2
"z.1462" 2 2 2
"z.1463" 2 2 2
"z.1464" 2 2 2
"z.1465" 3 3 3
"z.1466" 2 2 2
"z.1467" 2 2 2
"z.1468" 1 1 1
"z.1469" 3 3 3
"z.1470" 2 2 2
"z.1471" 2 2 2
"z.1472" 3 3 3
"z.1473" 3 3 3
"z.1474" 3 3 3
"z.1475" 2 2 2
"z.1476" 2 2 2
"z.1477" 2 2 2
"z.1478" 2 2 2
"z.1479" 3 3 3
"z.1480" 2 2 2
"z.1481" 2 2 2
"z.1482" 2 2 2
"z.1483" 2 2 2
"z.1484" 2 2 2
"z.1485" 1 1 1
"z.1486" 2 2 2
"z.1487" 2 2 2
"z.1488" 2 2 2
"z.1489" 1 1 1
"z.1490" 1 1 1
"z.1491" 2 2 2
"z.1492" 2 2 2
"z.1493" 1 1 1
"z.1494" 2 2 2
"z.1495" 1 1 1
"z.1496" 2 2 2
"z.1497" 2 2 2
"z.1498" 2 2 2
"z.1499" 2 2 2
"z.1500" 2 2 2
"z.1501" 2 2 2
"z.1502" 2 2 2
"z.1503" 2 2 2
"z.1504" 2 2 2
"z.1505" 1 1 1
"z.1506" 2 2 2
"z.1507" 2 2 2
"z.1508" 1 1 1
"z.1509" 3 3 3
"z.1510" 2 2 2
"z.1511" 2 2 2
"z.1512" 2 2 2
"z.1513" 1 1 1
"z.1514" 2 2 2
"z.1515" 2 2 2
"z.1516" 2 2 2
"z.1517" 2 2 2
"z.1518" 2 2 2
"z.1519" 1 1 1
"z.1520" 2 2 2
"z.1521" 2 2 2
"z.1522" 2 2 2
"z.1523" 1 1 1
"z.1524" 1 1 1
"z.1525" 2 2 2
"z.1526" 2 2 2
"z.1527" 2 2 2
"z.1528" 2 2 2
"z.1529" 3 3 3
"z.1530" 3 3 3
"z.1531" 2 2 2
"z.1532" 2 2 2
"z.1533" 1 1 1
"z.1534" 1 1 1
"z.1535" 1 1 1
"z.1536" 3 3 3
"z.1537" 2 2 2
"z.1538" 3 3 3
"z.1539" 1 1 1
"z.1540" 3 3 3
"z.1541" 2 2 2
"z.1542" 2 2 2
"z.1543" 2 2 2
"z.1544" 2 2 2
"z.1545" 2 2 2
"z.1546" 1 1 1
"z.1547" 2 2 2
"z.1548" 2 2 2
"z.1549" 2 2 2
"z.1550" 2 2 2
"z.1551" 2 2 2
"z.1552" 1 1 1
"z.1553" 2 2 2
"z.1554" 2 2 2
"z.1555" 2 2 2
"z.1556" 2 2 2
"z.1557" 3 3 3
"z.1558" 1 1 1
"z.1559" 1 1 1
"z.1560" 2 2 2
"z.1561" 2 2 2
"z.1562" 2 2 2
"z.1563" 2 2 2
"z.1564" 1 1 1
"z.1565" 2 2 2
"z.1566" 1 1 1
"z.1567" 2 2 2
"z.1568" 3 3 3
"z.1569" 1 1 1
"z.1570" 1 1 1
"z.1571" 3 3 3
"z.1572" 3 3 3
"z.1573" 3 3 3
"z.1574" 1 1 1
"z.1575" 2 2 2
"z.1576" 1 1 1
"z.1577" 2 2 2
"z.1578" 1 1 1
"z.1579" 2 2 2
"z.1580" 2 2 2
"z.1581" 2 2 2
"z.1582" 2 2 2
"z.1583" 2 2 2
"z.1584" 2 2 2
"z.1585" 3 3 3
"z.1586" 2 2 2
"z.1587" 2 2 2
"z.1588" 1 1 1
"z.1589" 3 3 3
"z.1590" 1 1 1
"z.1591" 2 2 2
"z.1592" 2 2 2
"z.1593" 2 2 2
"z.1594" 1 1 1
"z.1595" 2 2 2
"z.1596" 1 1 1
"z.1597" 2 2 2
"z.1598" 3 3 3
"z.1599" 2 2 2
"z.1600" 2 2 2
"z.1601" 2 2 2
"z.1602" 2 2 2
"z.1603" 2 2 2
"z.1604" 3 3 3
"z.1605" 2 2 2
"z.1606" 1 1 1
"z.1607" 3 3 3
"z.1608" 2 2 2
"z.1609" 2 2 2
"z.1610" 3 3 3
"z.1611" 2 2 2
"z.1612" 2 2 2
"z.1613" 1 1 1
"z.1614" 2 2 2
"z.1615" 2 2 2
"z.1616" 2 2 2
"z.1617" 1 1 1
"z.1618" 2 2 2
"z.1619" 3 3 3
"z.1620" 1 1 1
"z.1621" 2 2 2
"z.1622" 2 2 2
"z.1623" 1 1 1
"z.1624" 2 2 2
"z.1625" 2 2 2
"z.1626" 2 2 2
"z.1627" 1 1 1
"z.1628" 2 2 2
"z.1629" 2 2 2
"z.1630" 2 2 2
"z.1631" 2 2 2
"z.1632" 2 2 2
"z.1633" 1 1 1
"z.1634" 2 2 2
"z.1635" 3 3 3
"z.1636" 2 2 2
"z.1637" 3 3 3
"z.1638" 2 2 2
"z.1639" 2 2 2
"z.1640" 2 2 2
"z.1641" 1 1 1
"z.1642" 3 3 3
"z.1643" 1 1 1
"z.1644" 3 3 3
"z.1645" 1 1 1
"z.1646" 2 2 2
"z.1647" 2 2 2
"z.1648" 2 2 2
"z.1649" 3 3 3
"z.1650" 2 2 2
"z.1651" 2 2 2
"z.1652" 2 2 2
"z.1653" 1 1 1
"z.1654" 2 2 2
"z.1655" 1 1 1
"z.1656" 2 2 2
"z.1657" 2 2 2
"z.1658" 1 1 1
"z.1659" 2 2 2
"z.1660" 2 2 2
"z.1661" 3 3 3
"z.1662" 2 2 2
"z.1663" 1 1 1
"z.1664" 2 2 2
"z.1665" 2 2 2
"z.1666" 3 3 3
"z.1667" 2 2 2
"z.1668" 3 3 3
"z.1669" 1 1 1
"z.1670" 2 2 2
"z.1671" 3 3 3
"z.1672" 2 2 2
"z.1673" 2 2 2
"z.1674" 2 2 2
"z.1675" 2 2 2
"z.1676" 2 2 2
"z.1677" 2 2 2
"z.1678" 1 1 1
"z.1679" 3 3 3
"z.1680" 1 1 1
"z.1681" 1 1 1
"z.1682" 1 1 1
"z.1683" 2 2 2
"z.1684" 1 1 1
"z.1685" 2 2 2
"z.1686" 2 2 2
"z.1687" 1 1 1
"z.1688" 2 2 2
"z.1689" 2 2 2
"z.1690" 2 2 2
"z.1691" 2 2 2
"z.1692" 2 2 2
"z.1693" 2 2 2
"z.1694" 3 3 3
"z.1695" 2 2 2
"z.1696" 2 2 2
"z.1697" 2 2 2
"z.1698" 2 2 2
"z.1699" 2 2 2
"z.1700" 3 3 3
"z.1701" 1 1 1
"z.1702" 3 3 3
"z.1703" 2 2 2
"z.1704" 2 2 2
"z.1705" 2 2 2
"z.1706" 3 3 3
"z.1707" 3 3 3
"z.1708" 2 2 2
"z.1709" 2 2 2
"z.1710" 2 2 2
"z.1711" 2 2 2
"z.1712" 2 2 2
"z.1713" 3 3 3
"z.1714" 2 2 2
"z.1715" 3 3 3
"z.1716" 2 2 2
"z.1717" 2 2 2
"z.1718" 2 2 2
"z.1719" 1 1 1
"z.1720" 2 2 2
"z.1721" 3 3 3
"z.1722" 3 3 3
"z.1723" 3 3 3
"z.1724" 2 2 2
"z.1725" 1 1 1
"z.1726" 3 3 3
"z.1727" 2 2 2
"z.1728" 2 2 2
"z.1729" 2 2 2
"z.1730" 1 1 1
"z.1731" 3 3 3
"z.1732" 2 2 2
"z.1733" 2 2 2
"z.1734" 1 1 1
"z.1735" 2 2 2
"z.1736" 2 2 2
"z.1737" 3 3 3
"z.1738" 1 1 1
"z.1739" 3 3 3
"z.1740" 2 2 2
"z.1741" 2 2 2
"z.1742" 2 2 2
"z.1743" 2 2 2
"z.1744" 2 2 2
"z.1745" 2 2 2
"z.1746" 2 2 2
"z.1747" 3 3 3
"z.1748" 2 2 2
"z.1749" 3 3 3
"z.1750" 2 2 2
"z.1751" 2 2 2
"z.1752" 1 1 1
"z.1753" 2 2 2
"z.1754" 2 2 2
"z.1755" 2 2 2
"z.1756" 2 2 2
"z.1757" 2 2 2
"z.1758" 2 2 2
"z.1759" 1 1 1
"z.1760" 1 1 1
"z.1761" 2 2 2
"z.1762" 1 1 1
"z.1763" 3 3 3
"z.1764" 1 1 1
"z.1765" 2 2 2
"z.1766" 2 2 2
"z.1767" 1 1 1
"z.1768" 2 2 2
"z.1769" 1 1 1
"z.1770" 2 2 2
"z.1771" 2 2 2
"z.1772" 2 2 2
"z.1773" 2 2 2
"z.1774" 2 2 2
"z.1775" 2 2 2
"z.1776" 2 2 2
"z.1777" 2 2 2
"z.1778" 2 2 2
"z.1779" 2 2 2
"z.1780" 2 2 2
"z.1781" 2 2 2
"z.1782" 2 2 2
"z.1783" 2 2 2
"z.1784" 2 2 2
"z.1785" 1 1 1
"z.1786" 2 2 2
"z.1787" 2 2 2
"z.1788" 2 2 2
"z.1789" 3 3 3
"z.1790" 2 2 2
"z.1791" 2 2 2
"z.1792" 2 2 2
"z.1793" 2 2 2
"z.1794" 2 2 2
"z.1795" 2 2 2
"z.1796" 1 1 1
"z.1797" 3 3 3
"z.1798" 1 1 1
"z.1799" 1 1 1
"z.1800" 2 2 2
"z.1801" 3 3 3
"z.1802" 2 2 2
"z.1803" 3 3 3
"z.1804" 3 3 3
"z.1805" 2 2 2
"z.1806" 2 2 2
"z.1807" 2 2 2
"z.1808" 2 2 2
"z.1809" 2 2 2
"z.1810" 1 1 1
"z.1811" 2 2 2
"z.1812" 2 2 2
"z.1813" 2 2 2
"z.1814" 3 3 3
"z.1815" 2 2 2
"z.1816" 2 2 2
"z.1817" 2 2 2
"z.1818" 2 2 2
"z.1819" 2 2 2
"z.1820" 2 2 2
"z.1821" 1 1 1
"z.1822" 2 2 2
"z.1823" 2 2 2
"z.1824" 2 2 2
"z.1825" 2 2 2
"z.1826" 1 1 1
"z.1827" 2 2 2
"z.1828" 1 1 1
"z.1829" 2 2 2
"z.1830" 2 2 2
"z.1831" 2 2 2
"z.1832" 2 2 2
"z.1833" 2 2 2
"z.1834" 2 2 2
"z.1835" 1 1 1
"z.1836" 3 3 3
"z.1837" 3 3 3
"z.1838" 2 2 2
"z.1839" 2 2 2
"z.1840" 2 2 2
"z.1841" 1 1 1
"z.1842" 3 3 3
"z.1843" 1 1 1
"z.1844" 1 1 1
"z.1845" 2 2 2
"z.1846" 2 2 2
"z.1847" 2 2 2
"z.1848" 3 3 3
"z.1849" 2 2 2
"z.1850" 1 1 1
"z.1851" 2 2 2
"z.1852" 2 2 2
"z.1853" 3 3 3
"z.1854" 2 2 2
"z.1855" 2 2 2
"z.1856" 2 2 2
"z.1857" 1 1 1
"z.1858" 3 3 3
"z.1859" 3 3 3
"z.1860" 2 2 2
"z.1861" 2 2 2
"z.1862" 2 2 2
"z.1863" 2 2 2
"z.1864" 1 1 1
"z.1865" 1 1 1
"z.1866" 2 2 2
"z.1867" 1 1 1
"z.1868" 2 2 2
"z.1869" 3 3 3
"z.1870" 3 3 3
"z.1871" 2 2 2
"z.1872" 2 2 2
"z.1873" 3 3 3
"z.1874" 2 2 2
"z.1875" 3 3 3
"z.1876" 3 3 3
"z.1877" 2 2 2
"z.1878" 3 3 3
"z.1879" 3 3 3
"z.1880" 3 3 3
"z.1881" 3 3 3
"z.1882" 3 3 3
"z.1883" 2 2 2
"z.1884" 1 1 1
"z.1885" 3 3 3
"z.1886" 2 2 2
"z.1887" 2 2 2
"z.1888" 2 2 2
"z.1889" 3 3 3
"z.1890" 3 3 3
"z.1891" 1 1 1
"z.1892" 2 2 2
"z.1893" 3 3 3
"z.1894" 2 2 2
"z.1895" 2 2 2
"z.1896" 2 2 2
"z.1897" 2 2 2
"z.1898" 1 1 1
"z.1899" 2 2 2
"z.1900" 2 2 2
"z.1901" 2 2 2
"z.1902" 2 2 2
"z.1903" 2 2 2
"z.1904" 2 2 2
"z.1905" 2 2 2
"z.1906" 2 2 2
"z.1907" 2 2 2
"z.1908" 3 3 3
"z.1909" 2 2 2
"z.1910" 2 2 2
"z.1911" 1 1 1
"z.1912" 2 2 2
"z.1913" 2 2 2
"z.1914" 2 2 2
"z.1915" 3 3 3
"z.1916" 1 1 1
"z.1917" 3 3 3
"z.1918" 2 2 2
"z.1919" 2 2 2
"z.1920" 3 3 3
"z.1921" 2 2 2
"z.1922" 3 3 3
"z.1923" 1 1 1
"z.1924" 3 3 3
"z.1925" 2 2 2
"z.1926" 2 2 2
"z.1927" 1 1 1
"z.1928" 3 3 3
"z.1929" 2 2 2
"z.1930" 1 1 1
"z.1931" 2 2 2
"z.1932" 3 3 3
"z.1933" 1 1 1
"z.1934" 2 2 2
"z.1935" 3 3 3
"z.1936" 1 1 1
"z.1937" 3 3 3
"z.1938" 2 2 2
"z.1939" 1 1 1
"z.1940" 2 2 2
"z.1941" 2 2 2
"z.1942" 2 2 2
"z.1943" 2 2 2
"z.1944" 1 1 1
"z.1945" 3 3 3
"z.1946" 2 2 2
"z.1947" 2 2 2
"z.1948" 1 1 1
"z.1949" 3 3 3
"z.1950" 2 2 2
"z.1951" 2 2 2
"z.1952" 2 2 2
"z.1953" 3 3 3
"z.1954" 2 2 2
"z.1955" 2 2 2
"z.1956" 2 2 2
"z.1957" 1 1 1
"z.1958" 1 1 1
"z.1959" 2 2 2
"z.1960" 1 1 1
"z.1961" 2 2 2
"z.1962" 1 1 1
"z.1963" 1 1 1
"z.1964" 3 3 3
"z.1965" 2 2 2
"z.1966" 2 2 2
"z.1967" 2 2 2
"z.1968" 1 1 1
"z.1969" 3 3 3
"z.1970" 3 3 3
"z.1971" 2 2 2
"z.1972" 3 3 3
"z.1973" 2 2 2
"z.1974" 2 2 2
"z.1975" 2 2 2
"z.1976" 1 1 1
"z.1977" 2 2 2
"z.1978" 2 2 2
"z.1979" 2 2 2
"z.1980" 2 2 2
"z.1981" 3 3 3
"z.1982" 1 1 1
"z.1983" 2 2 2
"z.1984" 2 2 2
"z.1985" 3 3 3
"z.1986" 2 2 2
"z.1987" 2 2 2
"z.1988" 2 2 2
"z.1989" 2 2 2
"z.1990" 3 3 3
"z.1991" 2 2 2
"z.1992" 2 2 2
"z.1993" 2 2 2
"z.1994" 2 2 2
"z.1995" 2 2 2
"z.1996" 2 2 2
"z.1997" 2 2 2
"z.1998" 2 2 2
"z.1999" 2 2 2
"z.2000" 2 2 2
"z.2001" 1 1 1
"z.2002" 2 2 2
"z.2003" 2 2 2
"z.2004" 2 2 2
"z.2005" 2 2 2
"z.2006" 3 3 3
"z.2007" 2 2 2
"z.2008" 2 2 2
"z.2009" 2 2 2
"z.2010" 3 3 3
"z.2011" 2 2 2
"z.2012" 2 2 2
"z.2013" 2 2 2
"z.2014" 2 2 2
"z.2015" 2 2 2
"z.2016" 2 2 2
"z.2017" 2 2 2
"z.2018" 3 3 3
"z.2019" 3 3 3
"z.2020" 3 3 3
"z.2021" 3 3 3
"z.2022" 2 2 2
"z.2023" 2 2 2
"z.2024" 2 2 2
"z.2025" 1 1 1
"z.2026" 2 2 2
"z.2027" 1 1 1
"z.2028" 3 3 3
"z.2029" 2 2 2
"z.2030" 1 1 1
"z.2031" 2 2 2
"z.2032" 2 2 2
"z.2033" 2 2 2
"z.2034" 2 2 2
"z.2035" 1 1 1
"z.2036" 2 2 2
"z.2037" 2 2 2
"z.2038" 1 1 1
"z.2039" 2 2 2
"z.2040" 2 2 2
"z.2041" 2 2 2
"z.2042" 2 2 2
"z.2043" 2 2 2
"z.2044" 1 1 1
"z.2045" 2 2 2
"z.2046" 2 2 2
"z.2047" 3 3 3
"z.2048" 1 1 1
"z.2049" 2 2 2
"z.2050" 2 2 2
"z.2051" 2 2 2
"z.2052" 2 2 2
"z.2053" 1 1 1
"z.2054" 2 2 2
"z.2055" 2 2 2
"z.2056" 2 2 2
"z.2057" 2 2 2
"z.2058" 3 3 3
"z.2059" 2 2 2
"z.2060" 3 3 3
"z.2061" 2 2 2
"z.2062" 1 1 1
"z.2063" 2 2 2
"z.2064" 2 2 2
"z.2065" 1 1 1
"z.2066" 2 2 2
"z.2067" 3 3 3
"z.2068" 1 1 1
"z.2069" 3 3 3
"z.2070" 2 2 2
"z.2071" 1 1 1
"z.2072" 2 2 2
"z.2073" 1 1 1
"z.2074" 1 1 1
"z.2075" 2 2 2
"z.2076" 3 3 3
"z.2077" 2 2 2
"z.2078" 3 3 3
"z.2079" 2 2 2
"z.2080" 2 2 2
"z.2081" 1 1 1
"z.2082" 2 2 2
"z.2083" 2 2 2
"z.2084" 2 2 2
"z.2085" 2 2 2
"z.2086" 2 2 2
"z.2087" 2 2 2
"z.2088" 2 2 2
"z.2089" 2 2 2
"z.2090" 2 2 2
"z.2091" 3 3 3
"z.2092" 2 2 2
"z.2093" 1 1 1
"z.2094" 2 2 2
"z.2095" 2 2 2
"z.2096" 1 1 1
"z.2097" 3 3 3
"z.2098" 2 2 2
"z.2099" 2 2 2
"z.2100" 2 2 2
"z.2101" 2 2 2
"z.2102" 2 2 2
"z.2103" 1 1 1
"z.2104" 2 2 2
"z.2105" 1 1 1
"z.2106" 2 2 2
"z.2107" 3 3 3
"z.2108" 2 2 2
"z.2109" 3 3 3
"z.2110" 2 2 2
"z.2111" 3 3 3
"z.2112" 2 2 2
"z.2113" 2 2 2
"z.2114" 2 2 2
"z.2115" 2 2 2
"z.2116" 2 2 2
"z.2117" 2 2 2
"z.2118" 2 2 2
"z.2119" 2 2 2
"z.2120" 2 2 2
"z.2121" 2 2 2
"z.2122" 1 1 1
"z.2123" 2 2 2
"z.2124" 1 1 1
"z.2125" 2 2 2
"z.2126" 2 2 2
"z.2127" 3 3 3
"z.2128" 1 1 1
"z.2129" 2 2 2
"z.2130" 1 1 1
"z.2131" 2 2 2
"z.2132" 3 3 3
"z.2133" 2 2 2
"z.2134" 2 2 2
"z.2135" 1 1 1
"z.2136" 2 2 2
"z.2137" 1 1 1
"z.2138" 2 2 2
"z.2139" 3 3 3
"z.2140" 3 3 3
"z.2141" 3 3 3
"z.2142" 2 2 2
"z.2143" 2 2 2
"z.2144" 2 2 2
"z.2145" 1 1 1
"z.2146" 2 2 2
"z.2147" 2 2 2
"z.2148" 2 2 2
"z.2149" 2 2 2
"z.2150" 3 3 3
"z.2151" 2 2 2
"z.2152" 1 1 1
"z.2153" 2 2 2
"z.2154" 1 1 1
"z.2155" 3 3 3
"z.2156" 2 2 2
"z.2157" 3 3 3
"z.2158" 2 2 2
"z.2159" 2 2 2
"z.2160" 3 3 3
"z.2161" 3 3 3
"z.2162" 1 1 1
"z.2163" 1 1 1
"z.2164" 2 2 2
"z.2165" 2 2 2
"z.2166" 2 2 2
"z.2167" 3 3 3
"z.2168" 2 2 2
"z.2169" 2 2 2
"z.2170" 2 2 2
"z.2171" 2 2 2
"z.2172" 2 2 2
"z.2173" 1 1 1
"z.2174" 2 2 2
"z.2175" 1 1 1
"z.2176" 1 1 1
"z.2177" 2 2 2
"z.2178" 1 1 1
"z.2179" 2 2 2
"z.2180" 2 2 2
"z.2181" 1 1 1
"z.2182" 3 3 3
"z.2183" 2 2 2
"z.2184" 2 2 2
"z.2185" 3 3 3
"z.2186" 1 1 1
"z.2187" 2 2 2
"z.2188" 2 2 2
"z.2189" 2 2 2
"z.2190" 2 2 2
"z.2191" 2 2 2
"z.2192" 2 2 2
"z.2193" 2 2 2
"z.2194" 2 2 2
"z.2195" 2 2 2
"z.2196" 1 1 1
"z.2197" 3 3 3
"z.2198" 3 3 3
"z.2199" 3 3 3
"z.2200" 2 2 2
"z.2201" 1 1 1
"z.2202" 3 3 3
"z.2203" 2 2 2
"z.2204" 1 1 1
"z.2205" 2 2 2
"z.2206" 2 2 2
"z.2207" 3 3 3
"z.2208" 1 1 1
"z.2209" 1 1 1
"z.2210" 3 3 3
"z.2211" 1 1 1
"z.2212" 2 2 2
"z.2213" 2 2 2
"z.2214" 2 2 2
"z.2215" 3 3 3
"z.2216" 2 2 2
"z.2217" 2 2 2
"z.2218" 3 3 3
"z.2219" 1 1 1
"z.2220" 2 2 2
"z.2221" 2 2 2
"z.2222" 1 1 1
"z.2223" 3 3 3
"z.2224" 2 2 2
"z.2225" 2 2 2
"z.2226" 2 2 2
"z.2227" 1 1 1
"z.2228" 3 3 3
"z.2229" 2 2 2
"z.2230" 2 2 2
"z.2231" 2 2 2
"z.2232" 2 2 2
"z.2233" 2 2 2
"z.2234" 2 2 2
"z.2235" 2 2 2
"z.2236" 2 2 2
"z.2237" 2 2 2
"z.2238" 2 2 2
"z.2239" 3 3 3
"z.2240" 2 2 2
"z.2241" 3 3 3
"z.2242" 3 3 3
"z.2243" 2 2 2
"z.2244" 2 2 2
"z.2245" 3 3 3
"z.2246" 3 3 3
"z.2247" 2 2 2
"z.2248" 2 2 2
"z.2249" 2 2 2
"z.2250" 2 2 2
"z.2251" 2 2 2
"z.2252" 2 2 2
"z.2253" 2 2 2
"z.2254" 2 2 2
"z.2255" 3 3 3
"z.2256" 1 1 1
"z.2257" 3 3 3
"z.2258" 2 2 2
"z.2259" 2 2 2
"z.2260" 2 2 2
"z.2261" 1 1 1
"z.2262" 2 2 2
"z.2263" 2 2 2
"z.2264" 3 3 3
"z.2265" 2 2 2
"z.2266" 2 2 2
"z.2267" 3 3 3
"z.2268" 3 3 3
"z.2269" 1 1 1
"z.2270" 1 1 1
"z.2271" 2 2 2
"z.2272" 3 3 3
"z.2273" 1 1 1
"z.2274" 2 2 2
"z.2275" 2 2 2
"z.2276" 1 1 1
"z.2277" 2 2 2
"z.2278" 2 2 2
"z.2279" 2 2 2
"z.2280" 2 2 2
"z.2281" 3 3 3
"z.2282" 2 2 2
"z.2283" 1 1 1
"z.2284" 3 3 3
"z.2285" 2 2 2
"z.2286" 2 2 2
"z.2287" 3 3 3
"z.2288" 2 2 2
"z.2289" 1 1 1
"z.2290" 3 3 3
"z.2291" 2 2 2
"z.2292" 2 2 2
"z.2293" 2 2 2
"z.2294" 2 2 2
"z.2295" 2 2 2
"z.2296" 3 3 3
"z.2297" 3 3 3
"z.2298" 2 2 2
"z.2299" 2 2 2
"z.2300" 3 3 3
"z.2301" 2 2 2
"z.2302" 2 2 2
"z.2303" 1 1 1
"z.2304" 2 2 2
"z.2305" 1 1 1
"z.2306" 2 2 2
"z.2307" 2 2 2
"z.2308" 3 3 3
"z.2309" 1 1 1
"z.2310" 2 2 2
"z.2311" 3 3 3
"z.2312" 2 2 2
"z.2313" 1 1 1
"z.2314" 3 3 3
"z.2315" 2 2 2
"z.2316" 2 2 2
"z.2317" 2 2 2
"z.2318" 2 2 2
"z.2319" 3 3 3
"z.2320" 2 2 2
"z.2321" 1 1 1
"z.2322" 3 3 3
"z.2323" 2 2 2
"z.2324" 2 2 2
"z.2325" 1 1 1
"z.2326" 2 2 2
"z.2327" 2 2 2
"z.2328" 1 1 1
"z.2329" 1 1 1
"z.2330" 2 2 2
"z.2331" 2 2 2
"z.2332" 3 3 3
"z.2333" 3 3 3
"z.2334" 2 2 2
"z.2335" 2 2 2
"z.2336" 2 2 2
"z.2337" 2 2 2
"z.2338" 1 1 1
"z.2339" 2 2 2
"z.2340" 2 2 2
"z.2341" 1 1 1
"z.2342" 2 2 2
"z.2343" 2 2 2
"z.2344" 2 2 2
"z.2345" 1 1 1
"z.2346" 1 1 1
"z.2347" 2 2 2
"z.2348" 2 2 2
"z.2349" 2 2 2
"z.2350" 1 1 1
"z.2351" 2 2 2
"z.2352" 1 1 1
"z.2353" 1 1 1
"z.2354" 2 2 2
"z.2355" 3 3 3
"z.2356" 3 3 3
"z.2357" 2 2 2
"z.2358" 3 3 3
"z.2359" 2 2 2
"z.2360" 2 2 2
"z.2361" 3 3 3
"z.2362" 2 2 2
"z.2363" 1 1 1
"z.2364" 2 2 2
"z.2365" 2 2 2
"z.2366" 2 2 2
"z.2367" 3 3 3
"z.2368" 2 2 2
"z.2369" 2 2 2
"z.2370" 2 2 2
"z.2371" 2 2 2
"z.2372" 1 1 1
"z.2373" 1 1 1
"z.2374" 2 2 2
"z.2375" 1 1 1
"z.2376" 2 2 2
"z.2377" 2 2 2
"z.2378" 3 3 3
"z.2379" 2 2 2
"z.2380" 2 2 2
"z.2381" 1 1 1
"z.2382" 1 1 1
"z.2383" 2 2 2
"z.2384" 2 2 2
"z.2385" 2 2 2
"z.2386" 3 3 3
"z.2387" 2 2 2
"z.2388" 2 2 2
"z.2389" 2 2 2
"z.2390" 2 2 2
"z.2391" 3 3 3
"z.2392" 2 2 2
"z.2393" 2 2 2
"z.2394" 2 2 2
"z.2395" 2 2 2
"z.2396" 3 3 3
"z.2397" 2 2 2
"z.2398" 2 2 2
"z.2399" 2 2 2
"z.2400" 2 2 2
"z.2401" 2 2 2
"z.2402" 2 2 2
"z.2403" 2 2 2
"z.2404" 1 1 1
"z.2405" 3 3 3
"z.2406" 3 3 3
"z.2407" 2 2 2
"z.2408" 2 2 2
"z.2409" 2 2 2
"z.2410" 2 2 2
"z.2411" 2 2 2
"z.2412" 2 2 2
"z.2413" 1 1 1
"z.2414" 2 2 2
"z.2415" 2 2 2
"z.2416" 1 1 1
"z.2417" 2 2 2
"z.2418" 2 2 2
"z.2419" 1 1 1
"z.2420" 2 2 2
"z.2421" 2 2 2
"z.2422" 3 3 3
"z.2423" 2 2 2
"z.2424" 1 1 1
"z.2425" 2 2 2
"z.2426" 1 1 1
"z.2427" 2 2 2
"z.2428" 3 3 3
"z.2429" 2 2 2
"z.2430" 2 2 2
"z.2431" 3 3 3
"z.2432" 2 2 2
"z.2433" 3 3 3
"z.2434" 1 1 1
"z.2435" 2 2 2
"z.2436" 2 2 2
"z.2437" 3 3 3
"z.2438" 2 2 2
"z.2439" 3 3 3
"z.2440" 1 1 1
"z.2441" 2 2 2
"z.2442" 2 2 2
"z.2443" 1 1 1
"z.2444" 2 2 2
"z.2445" 2 2 2
"z.2446" 2 2 2
"z.2447" 2 2 2
"z.2448" 2 2 2
"z.2449" 2 2 2
"z.2450" 2 2 2
"z.2451" 1 1 1
"z.2452" 1 1 1
"z.2453" 2 2 2
"z.2454" 1 1 1
"z.2455" 2 2 2
"z.2456" 2 2 2
"z.2457" 1 1 1
"z.2458" 2 2 2
"z.2459" 2 2 2
"z.2460" 3 3 3
"z.2461" 2 2 2
"z.2462" 1 1 1
"z.2463" 1 1 1
"z.2464" 3 3 3
"z.2465" 1 1 1
"z.2466" 2 2 2
"z.2467" 1 1 1
"z.2468" 2 2 2
"z.2469" 1 1 1
"z.2470" 3 3 3
"z.2471" 2 2 2
"z.2472" 2 2 2
"z.2473" 2 2 2
"z.2474" 2 2 2
"z.2475" 2 2 2
"z.2476" 2 2 2
"z.2477" 2 2 2
"z.2478" 1 1 1
"z.2479" 2 2 2
"z.2480" 3 3 3
"z.2481" 2 2 2
"z.2482" 1 1 1
"z.2483" 2 2 2
"z.2484" 2 2 2
"z.2485" 2 2 2
"z.2486" 3 3 3
"z.2487" 3 3 3
"z.2488" 2 2 2
"z.2489" 2 2 2
"z.2490" 3 3 3
"z.2491" 1 1 1
"z.2492" 2 2 2
"z.2493" 2 2 2
"z.2494" 2 2 2
"z.2495" 3 3 3
"z.2496" 2 2 2
"z.2497" 2 2 2
"z.2498" 2 2 2
"z.2499" 1 1 1
"z.2500" 2 2 2
"z.2501" 2 2 2
"z.2502" 1 1 1
"z.2503" 2 2 2
"z.2504" 1 1 1
"z.2505" 3 3 3
"z.2506" 2 2 2
"z.2507" 2 2 2
"z.2508" 3 3 3
"z.2509" 2 2 2
"z.2510" 1 1 1
"z.2511" 2 2 2
"z.2512" 3 3 3
"z.2513" 2 2 2
"z.2514" 2 2 2
"z.2515" 2 2 2
"z.2516" 2 2 2
"z.2517" 2 2 2
"z.2518" 3 3 3
"z.2519" 2 2 2
"z.2520" 1 1 1
"z.2521" 1 1 1
"z.2522" 2 2 2
"z.2523" 2 2 2
"z.2524" 2 2 2
"z.2525" 2 2 2
"z.2526" 2 2 2
"z.2527" 2 2 2
"z.2528" 1 1 1
"z.2529" 1 1 1
"z.2530" 2 2 2
"z.2531" 3 3 3
"z.2532" 2 2 2
"z.2533" 3 3 3
"z.2534" 2 2 2
"z.2535" 1 1 1
"z.2536" 1 1 1
"z.2537" 3 3 3
"z.2538" 1 1 1
"z.2539" 2 2 2
"z.2540" 2 2 2
"z.2541" 2 2 2
"z.2542" 2 2 2
"z.2543" 1 1 1
"z.2544" 1 1 1
"z.2545" 2 2 2
"z.2546" 2 2 2
"z.2547" 2 2 2
"z.2548" 2 2 2
"z.2549" 1 1 1
"z.2550" 2 2 2
"z.2551" 2 2 2
"z.2552" 2 2 2
"z.2553" 3 3 3
"z.2554" 2 2 2
"z.2555" 3 3 3
"z.2556" 2 2 2
"z.2557" 2 2 2
"z.2558" 2 2 2
"z.2559" 2 2 2
"z.2560" 2 2 2
"z.2561" 3 3 3
"z.2562" 2 2 2
"z.2563" 3 3 3
"z.2564" 2 2 2
"z.2565" 2 2 2
"z.2566" 2 2 2
"z.2567" 1 1 1
"z.2568" 1 1 1
"z.2569" 2 2 2
"z.2570" 2 2 2
"z.2571" 1 1 1
"z.2572" 3 3 3
"z.2573" 3 3 3
"z.2574" 2 2 2
"z.2575" 1 1 1
"z.2576" 2 2 2
"z.2577" 1 1 1
"z.2578" 3 3 3
"z.2579" 2 2 2
"z.2580" 2 2 2
"z.2581" 3 3 3
"z.2582" 2 2 2
"z.2583" 3 3 3
"z.2584" 1 1 1
"z.2585" 2 2 2
"z.2586" 2 2 2
"z.2587" 2 2 2
"z.2588" 1 1 1
"z.2589" 1 1 1
"z.2590" 1 1 1
"z.2591" 1 1 1
"z.2592" 1 1 1
"z.2593" 1 1 1
"z.2594" 1 1 1
"z.2595" 2 2 2
"z.2596" 2 2 2
"z.2597" 2 2 2
"z.2598" 2 2 2
"z.2599" 2 2 2
"z.2600" 2 2 2
"z.2601" 2 2 2
"z.2602" 1 1 1
"z.2603" 2 2 2
"z.2604" 3 3 3
"z.2605" 2 2 2
"z.2606" 2 2 2
"z.2607" 2 2 2
"z.2608" 2 2 2
"z.2609" 2 2 2
"z.2610" 2 2 2
"z.2611" 2 2 2
"z.2612" 3 3 3
"z.2613" 2 2 2
"z.2614" 2 2 2
"z.2615" 2 2 2
"z.2616" 2 2 2
"z.2617" 3 3 3
"z.2618" 2 2 2
"z.2619" 2 2 2
"z.2620" 2 2 2
"z.2621" 2 2 2
"z.2622" 3 3 3
"z.2623" 2 2 2
"z.2624" 3 3 3
"z.2625" 3 3 3
"z.2626" 2 2 2
"z.2627" 2 2 2
"z.2628" 2 2 2
"z.2629" 1 1 1
"z.2630" 1 1 1
"z.2631" 2 2 2
"z.2632" 2 2 2
"z.2633" 1 1 1
"z.2634" 2 2 2
"z.2635" 2 2 2
"z.2636" 2 2 2
"z.2637" 2 2 2
"z.2638" 2 2 2
"z.2639" 2 2 2
"z.2640" 2 2 2
"z.2641" 2 2 2
"z.2642" 3 3 3
"z.2643" 3 3 3
"z.2644" 2 2 2
"z.2645" 1 1 1
"z.2646" 3 3 3
"z.2647" 2 2 2
"z.2648" 2 2 2
"z.2649" 3 3 3
"z.2650" 2 2 2
"z.2651" 1 1 1
"z.2652" 1 1 1
"z.2653" 2 2 2
"z.2654" 2 2 2
"z.2655" 2 2 2
"z.2656" 2 2 2
"z.2657" 3 3 3
"z.2658" 2 2 2
"z.2659" 2 2 2
"z.2660" 2 2 2
"z.2661" 3 3 3
"z.2662" 2 2 2
"z.2663" 2 2 2
"z.2664" 2 2 2
"z.2665" 2 2 2
"z.2666" 3 3 3
"z.2667" 3 3 3
"z.2668" 3 3 3
"z.2669" 3 3 3
"z.2670" 2 2 2
"z.2671" 3 3 3
"z.2672" 2 2 2
"z.2673" 2 2 2
"z.2674" 2 2 2
"z.2675" 2 2 2
"z.2676" 2 2 2
"z.2677" 2 2 2
"z.2678" 1 1 1
"z.2679" 2 2 2
"z.2680" 3 3 3
"z.2681" 2 2 2
"z.2682" 3 3 3
"z.2683" 2 2 2
"z.2684" 1 1 1
"z.2685" 2 2 2
"z.2686" 2 2 2
"z.2687" 2 2 2
"z.2688" 2 2 2
"z.2689" 1 1 1
"z.2690" 2 2 2
"z.2691" 2 2 2
"z.2692" 3 3 3
"z.2693" 2 2 2
"z.2694" 2 2 2
"z.2695" 1 1 1
"z.2696" 2 2 2
"z.2697" 1 1 1
"z.2698" 3 3 3
"z.2699" 1 1 1
"z.2700" 2 2 2
"z.2701" 2 2 2
"z.2702" 3 3 3
"z.2703" 2 2 2
"z.2704" 2 2 2
"z.2705" 3 3 3
"z.2706" 2 2 2
"z.2707" 2 2 2
"z.2708" 2 2 2
"z.2709" 2 2 2
"z.2710" 3 3 3
"z.2711" 2 2 2
"z.2712" 2 2 2
"z.2713" 2 2 2
"z.2714" 3 3 3
"z.2715" 1 1 1
"z.2716" 3 3 3
"z.2717" 3 3 3
"z.2718" 2 2 2
"z.2719" 2 2 2
"z.2720" 2 2 2
"z.2721" 2 2 2
"z.2722" 1 1 1
"z.2723" 2 2 2
"z.2724" 2 2 2
"z.2725" 2 2 2
"z.2726" 1 1 1
"z.2727" 2 2 2
"z.2728" 2 2 2
"z.2729" 2 2 2
"z.2730" 2 2 2
"z.2731" 3 3 3
"z.2732" 2 2 2
"z.2733" 3 3 3
"z.2734" 3 3 3
"z.2735" 2 2 2
"z.2736" 2 2 2
"z.2737" 2 2 2
"z.2738" 2 2 2
"z.2739" 2 2 2
"z.2740" 1 1 1
"z.2741" 2 2 2
"z.2742" 2 2 2
"z.2743" 2 2 2
"z.2744" 2 2 2
"z.2745" 2 2 2
"z.2746" 2 2 2
"z.2747" 3 3 3
"z.2748" 1 1 1
"z.2749" 2 2 2
"z.2750" 3 3 3
"z.2751" 2 2 2
"z.2752" 2 2 2
"z.2753" 2 2 2
"z.2754" 2 2 2
"z.2755" 1 1 1
"z.2756" 1 1 1
"z.2757" 1 1 1
"z.2758" 1 1 1
"z.2759" 2 2 2
"z.2760" 1 1 1
"z.2761" 3 3 3
"z.2762" 2 2 2
"z.2763" 1 1 1
"z.2764" 2 2 2
"z.2765" 2 2 2
"z.2766" 2 2 2
"z.2767" 2 2 2
"z.2768" 1 1 1
"z.2769" 2 2 2
"z.2770" 2 2 2
"z.2771" 2 2 2
"z.2772" 3 3 3
"z.2773" 2 2 2
"z.2774" 1 1 1
"z.2775" 2 2 2
"z.2776" 2 2 2
"z.2777" 2 2 2
"z.2778" 2 2 2
"z.2779" 2 2 2
"z.2780" 2 2 2
"z.2781" 1 1 1
"z.2782" 1 1 1
"z.2783" 2 2 2
"z.2784" 2 2 2
"z.2785" 2 2 2
"z.2786" 2 2 2
"z.2787" 2 2 2
"z.2788" 2 2 2
"z.2789" 2 2 2
"z.2790" 2 2 2
"z.2791" 2 2 2
"z.2792" 2 2 2
"z.2793" 2 2 2
"z.2794" 2 2 2
"z.2795" 3 3 3
"z.2796" 2 2 2
"z.2797" 3 3 3
"z.2798" 1 1 1
"z.2799" 2 2 2
"z.2800" 2 2 2
"z.2801" 2 2 2
"z.2802" 3 3 3
"z.2803" 3 3 3
"z.2804" 3 3 3
"z.2805" 2 2 2
"z.2806" 3 3 3
"z.2807" 1 1 1
"z.2808" 2 2 2
"z.2809" 1 1 1
"z.2810" 3 3 3
"z.2811" 3 3 3
"z.2812" 2 2 2
"z.2813" 3 3 3
"z.2814" 2 2 2
"z.2815" 1 1 1
"z.2816" 2 2 2
"z.2817" 2 2 2
"z.2818" 1 1 1
"z.2819" 2 2 2
"z.2820" 2 2 2
"z.2821" 1 1 1
"z.2822" 3 3 3
"z.2823" 2 2 2
"z.2824" 2 2 2
"z.2825" 2 2 2
"z.2826" 2 2 2
"z.2827" 2 2 2
"z.2828" 3 3 3
"z.2829" 1 1 1
"z.2830" 2 2 2
"z.2831" 2 2 2
"z.2832" 2 2 2
"z.2833" 2 2 2
"z.2834" 1 1 1
"z.2835" 2 2 2
"z.2836" 2 2 2
"z.2837" 2 2 2
"z.2838" 3 3 3
"z.2839" 2 2 2
"z.2840" 1 1 1
"z.2841" 2 2 2
"z.2842" 2 2 2
"z.2843" 1 1 1
"z.2844" 3 3 3
"z.2845" 3 3 3
"z.2846" 1 1 1
"z.2847" 3 3 3
"z.2848" 2 2 2
"z.2849" 2 2 2
"z.2850" 2 2 2
"z.2851" 2 2 2
"z.2852" 3 3 3
"z.2853" 3 3 3
"z.2854" 1 1 1
"z.2855" 1 1 1
"z.2856" 1 1 1
"z.2857" 2 2 2
"z.2858" 1 1 1
"z.2859" 2 2 2
"z.2860" 2 2 2
"z.2861" 3 3 3
"z.2862" 2 2 2
"z.2863" 1 1 1
"z.2864" 3 3 3
"z.2865" 2 2 2
"z.2866" 2 2 2
"z.2867" 2 2 2
"z.2868" 2 2 2
"z.2869" 1 1 1
"z.2870" 3 3 3
"z.2871" 3 3 3
"z.2872" 2 2 2
"z.2873" 2 2 2
"z.2874" 1 1 1
"z.2875" 2 2 2
"z.2876" 2 2 2
"z.2877" 2 2 2
"z.2878" 3 3 3
"z.2879" 1 1 1
"z.2880" 2 2 2
"z.2881" 2 2 2
"z.2882" 1 1 1
"z.2883" 2 2 2
"z.2884" 2 2 2
"z.2885" 1 1 1
"z.2886" 2 2 2
"z.2887" 2 2 2
"z.2888" 2 2 2
"z.2889" 1 1 1
"z.2890" 2 2 2
"z.2891" 3 3 3
"z.2892" 3 3 3
"z.2893" 1 1 1
"z.2894" 2 2 2
"z.2895" 1 1 1
"z.2896" 1 1 1
"z.2897" 2 2 2
"z.2898" 2 2 2
"z.2899" 2 2 2
"z.2900" 2 2 2
"z.2901" 3 3 3
"z.2902" 2 2 2
"z.2903" 1 1 1
"z.2904" 2 2 2
"z.2905" 2 2 2
"z.2906" 2 2 2
"z.2907" 2 2 2
"z.2908" 2 2 2
"z.2909" 2 2 2
"z.2910" 1 1 1
"z.2911" 2 2 2
"z.2912" 3 3 3
"z.2913" 3 3 3
"z.2914" 1 1 1
"z.2915" 2 2 2
"z.2916" 2 2 2
"z.2917" 2 2 2
"z.2918" 1 1 1
"z.2919" 2 2 2
"z.2920" 2 2 2
"z.2921" 2 2 2
"z.2922" 2 2 2
"z.2923" 2 2 2
"z.2924" 2 2 2
"z.2925" 3 3 3
"z.2926" 2 2 2
"z.2927" 2 2 2
"z.2928" 2 2 2
"z.2929" 2 2 2
"z.2930" 1 1 1
"z.2931" 2 2 2
"z.2932" 2 2 2
"z.2933" 2 2 2
"z.2934" 3 3 3
"z.2935" 3 3 3
"z.2936" 2 2 2
"z.2937" 3 3 3
"z.2938" 2 2 2
"z.2939" 2 2 2
"z.2940" 1 1 1
"z.2941" 2 2 2
"z.2942" 1 1 1
"z.2943" 3 3 3
"z.2944" 2 2 2
"z.2945" 2 2 2
"z.2946" 2 2 2
"z.2947" 1 1 1
"z.2948" 1 1 1
"z.2949" 2 2 2
"z.2950" 2 2 2
"z.2951" 3 3 3
"z.2952" 2 2 2
"z.2953" 2 2 2
"z.2954" 2 2 2
"z.2955" 1 1 1
"z.2956" 2 2 2
"z.2957" 1 1 1
"z.2958" 2 2 2
"z.2959" 3 3 3
"z.2960" 3 3 3
"z.2961" 3 3 3
"z.2962" 1 1 1
"z.2963" 2 2 2
"z.2964" 2 2 2
"z.2965" 1 1 1
"z.2966" 2 2 2
"z.2967" 1 1 1
"z.2968" 2 2 2
"z.2969" 2 2 2
"z.2970" 2 2 2
"z.2971" 1 1 1
"z.2972" 2 2 2
"z.2973" 2 2 2
"z.2974" 1 1 1
"z.2975" 2 2 2
"z.2976" 2 2 2
"z.2977" 2 2 2
"z.2978" 3 3 3
"z.2979" 1 1 1
"z.2980" 1 1 1
"z.2981" 3 3 3
"z.2982" 2 2 2
"z.2983" 2 2 2
"z.2984" 3 3 3
"z.2985" 2 2 2
"z.2986" 3 3 3
"z.2987" 2 2 2
"z.2988" 2 2 2
"z.2989" 3 3 3
"z.2990" 1 1 1
"z.2991" 3 3 3
"z.2992" 2 2 2
"z.2993" 3 3 3
"z.2994" 2 2 2
"z.2995" 1 1 1
"z.2996" 2 2 2
"z.2997" 2 2 2
"z.2998" 1 1 1
"z.2999" 3 3 3
"z.3000" 2 2 2
"z.3001" 2 2 2
"z.3002" 2 2 2
"z.3003" 3 3 3
"z.3004" 2 2 2
"z.3005" 2 2 2
"z.3006" 1 1 1
"z.3007" 2 2 2
"z.3008" 2 2 2
"z.3009" 2 2 2
"z.3010" 1 1 1
"z.3011" 1 1 1
"z.3012" 1 1 1
"z.3013" 3 3 3
"z.3014" 1 1 1
"z.3015" 2 2 2
"z.3016" 2 2 2
"z.3017" 1 1 1
"z.3018" 2 2 2
"z.3019" 2 2 2
"z.3020" 2 2 2
"z.3021" 2 2 2
"z.3022" 2 2 2
"z.3023" 3 3 3
"z.3024" 2 2 2
"z.3025" 2 2 2
"z.3026" 2 2 2
"z.3027" 2 2 2
"z.3028" 2 2 2
"z.3029" 2 2 2
"z.3030" 2 2 2
"z.3031" 1 1 1
"z.3032" 2 2 2
"z.3033" 2 2 2
"z.3034" 2 2 2
"z.3035" 2 2 2
"z.3036" 1 1 1
"z.3037" 2 2 2
"z.3038" 3 3 3
"z.3039" 2 2 2
"z.3040" 2 2 2
"z.3041" 2 2 2
"z.3042" 3 3 3
"z.3043" 2 2 2
"z.3044" 1 1 1
"z.3045" 3 3 3
"z.3046" 2 2 2
"z.3047" 2 2 2
"z.3048" 3 3 3
"z.3049" 1 1 1
"z.3050" 2 2 2
"z.3051" 2 2 2
"z.3052" 2 2 2
"z.3053" 2 2 2
"z.3054" 2 2 2
"z.3055" 3 3 3
"z.3056" 1 1 1
"z.3057" 2 2 2
"z.3058" 2 2 2
"z.3059" 2 2 2
"z.3060" 2 2 2
"z.3061" 3 3 3
"z.3062" 3 3 3
"z.3063" 2 2 2
"z.3064" 2 2 2
"z.3065" 2 2 2
"z.3066" 2 2 2
"z.3067" 2 2 2
"z.3068" 1 1 1
"z.3069" 2 2 2
"z.3070" 2 2 2
"z.3071" 2 2 2
"z.3072" 2 2 2
"z.3073" 1 1 1
"z.3074" 2 2 2
"z.3075" 3 3 3
"z.3076" 3 3 3
"z.3077" 3 3 3
"z.3078" 2 2 2
"z.3079" 2 2 2
"z.3080" 2 2 2
"z.3081" 3 3 3
"z.3082" 2 2 2
"z.3083" 3 3 3
"z.3084" 2 2 2
"z.3085" 3 3 3
"z.3086" 2 2 2
"z.3087" 1 1 1
"z.3088" 1 1 1
"z.3089" 3 3 3
"z.3090" 2 2 2
"z.3091" 2 2 2
"z.3092" 1 1 1
"z.3093" 1 1 1
"z.3094" 1 1 1
"z.3095" 2 2 2
"z.3096" 2 2 2
"z.3097" 2 2 2
"z.3098" 1 1 1
"z.3099" 2 2 2
"z.3100" 3 3 3
"z.3101" 2 2 2
"z.3102" 2 2 2
"z.3103" 2 2 2
"z.3104" 3 3 3
"z.3105" 1 1 1
"z.3106" 3 3 3
"z.3107" 3 3 3
"z.3108" 2 2 2
"z.3109" 2 2 2
"z.3110" 3 3 3
"z.3111" 2 2 2
"z.3112" 2 2 2
"z.3113" 3 3 3
"z.3114" 2 2 2
"z.3115" 2 2 2
"z.3116" 1 1 1
"z.3117" 2 2 2
"z.3118" 3 3 3
"z.3119" 3 3 3
"z.3120" 2 2 2
"z.3121" 1 1 1
"z.3122" 2 2 2
"z.3123" 2 2 2
"z.3124" 2 2 2
"z.3125" 2 2 2
"z.3126" 2 2 2
"z.3127" 2 2 2
"z.3128" 2 2 2
"z.3129" 2 2 2
"z.3130" 2 2 2
"z.3131" 2 2 2
"z.3132" 1 1 1
"z.3133" 3 3 3
"z.3134" 1 1 1
"z.3135" 2 2 2
"z.3136" 1 1 1
"z.3137" 2 2 2
"z.3138" 3 3 3
"z.3139" 2 2 2
"z.3140" 1 1 1
"z.3141" 2 2 2
"z.3142" 2 2 2
"z.3143" 2 2 2
"z.3144" 2 2 2
"z.3145" 2 2 2
"z.3146" 1 1 1
"z.3147" 3 3 3
"z.3148" 2 2 2
"z.3149" 2 2 2
"z.3150" 3 3 3
"z.3151" 2 2 2
"z.3152" 3 3 3
"z.3153" 2 2 2
"z.3154" 2 2 2
"z.3155" 2 2 2
"z.3156" 1 1 1
"z.3157" 2 2 2
"z.3158" 2 2 2
"z.3159" 2 2 2
"z.3160" 2 2 2
"z.3161" 2 2 2
"z.3162" 3 3 3
"z.3163" 3 3 3
"z.3164" 1 1 1
"z.3165" 2 2 2
"z.3166" 2 2 2
"z.3167" 3 3 3
"z.3168" 2 2 2
"z.3169" 3 3 3
"z.3170" 2 2 2
"z.3171" 2 2 2
"z.3172" 2 2 2
"z.3173" 2 2 2
"z.3174" 2 2 2
"z.3175" 2 2 2
"z.3176" 1 1 1
"z.3177" 2 2 2
"z.3178" 2 2 2
"z.3179" 2 2 2
"z.3180" 1 1 1
"z.3181" 3 3 3
"z.3182" 2 2 2
"z.3183" 3 3 3
"z.3184" 1 1 1
"z.3185" 1 1 1
"z.3186" 2 2 2
"z.3187" 2 2 2
"z.3188" 2 2 2
"z.3189" 2 2 2
"z.3190" 2 2 2
"z.3191" 2 2 2
"z.3192" 1 1 1
"z.3193" 3 3 3
"z.3194" 3 3 3
"z.3195" 3 3 3
"z.3196" 3 3 3
"z.3197" 2 2 2
"z.3198" 1 1 1
"z.3199" 2 2 2
"z.3200" 2 2 2
"z.3201" 2 2 2
"z.3202" 2 2 2
"z.3203" 3 3 3
"z.3204" 2 2 2
"z.3205" 2 2 2
"z.3206" 3 3 3
"z.3207" 3 3 3
"z.3208" 2 2 2
"z.3209" 2 2 2
"z.3210" 3 3 3
"z.3211" 2 2 2
"z.3212" 2 2 2
"z.3213" 3 3 3
"z.3214" 3 3 3
"z.3215" 2 2 2
"z.3216" 2 2 2
"z.3217" 2 2 2
"z.3218" 3 3 3
"z.3219" 2 2 2
"z.3220" 2 2 2
"z.3221" 2 2 2
"z.3222" 3 3 3
"z.3223" 2 2 2
"z.3224" 2 2 2
"z.3225" 1 1 1
"z.3226" 2 2 2
"z.3227" 2 2 2
"z.3228" 2 2 2
"z.3229" 2 2 2
"z.3230" 1 1 1
"z.3231" 2 2 2
"z.3232" 2 2 2
"z.3233" 2 2 2
"z.3234" 2 2 2
"z.3235" 2 2 2
"z.3236" 2 2 2
"z.3237" 2 2 2
"z.3238" 2 2 2
"z.3239" 2 2 2
"z.3240" 2 2 2
"z.3241" 3 3 3
"z.3242" 3 3 3
"z.3243" 2 2 2
"z.3244" 3 3 3
"z.3245" 2 2 2
"z.3246" 2 2 2
"z.3247" 2 2 2
"z.3248" 2 2 2
"z.3249" 2 2 2
"z.3250" 1 1 1
"z.3251" 2 2 2
"z.3252" 2 2 2
"z.3253" 1 1 1
"z.3254" 3 3 3
"z.3255" 2 2 2
"z.3256" 1 1 1
"z.3257" 3 3 3
"z.3258" 2 2 2
"z.3259" 1 1 1
"z.3260" 1 1 1
"z.3261" 2 2 2
"z.3262" 1 1 1
"z.3263" 1 1 1
"z.3264" 2 2 2
"z.3265" 1 1 1
"z.3266" 2 2 2
"z.3267" 2 2 2
"z.3268" 1 1 1
"z.3269" 1 1 1
"z.3270" 2 2 2
"z.3271" 1 1 1
"z.3272" 2 2 2
"z.3273" 2 2 2
"z.3274" 3 3 3
"z.3275" 2 2 2
"z.3276" 2 2 2
"z.3277" 1 1 1
"z.3278" 2 2 2
"z.3279" 2 2 2
"z.3280" 2 2 2
"z.3281" 1 1 1
"z.3282" 2 2 2
"z.3283" 2 2 2
"z.3284" 3 3 3
"z.3285" 2 2 2
"z.3286" 1 1 1
"z.3287" 2 2 2
"z.3288" 2 2 2
"z.3289" 1 1 1
"z.3290" 2 2 2
"z.3291" 2 2 2
"z.3292" 2 2 2
"z.3293" 3 3 3
"z.3294" 2 2 2
"z.3295" 1 1 1
"z.3296" 1 1 1
"z.3297" 1 1 1
"z.3298" 2 2 2
"z.3299" 3 3 3
"z.3300" 1 1 1
"z.3301" 2 2 2
"z.3302" 2 2 2
"z.3303" 2 2 2
"z.3304" 2 2 2
"z.3305" 1 1 1
"z.3306" 2 2 2
"z.3307" 3 3 3
"z.3308" 3 3 3
"z.3309" 2 2 2
"z.3310" 2 2 2
"z.3311" 2 2 2
"z.3312" 2 2 2
"z.3313" 2 2 2
"z.3314" 3 3 3
"z.3315" 3 3 3
"z.3316" 2 2 2
"z.3317" 1 1 1
"z.3318" 2 2 2
"z.3319" 2 2 2
"z.3320" 1 1 1
"z.3321" 2 2 2
"z.3322" 2 2 2
"z.3323" 1 1 1
"z.3324" 2 2 2
"z.3325" 2 2 2
"z.3326" 3 3 3
"z.3327" 1 1 1
"z.3328" 2 2 2
"z.3329" 3 3 3
"z.3330" 3 3 3
"z.3331" 3 3 3
"z.3332" 2 2 2
"z.3333" 1 1 1
"z.3334" 2 2 2
"z.3335" 3 3 3
"z.3336" 2 2 2
"z.3337" 2 2 2
"z.3338" 1 1 1
"z.3339" 1 1 1
"z.3340" 2 2 2
"z.3341" 2 2 2
"z.3342" 2 2 2
"z.3343" 3 3 3
"z.3344" 2 2 2
"z.3345" 1 1 1
"z.3346" 2 2 2
"z.3347" 2 2 2
"z.3348" 2 2 2
"z.3349" 2 2 2
"z.3350" 3 3 3
"z.3351" 3 3 3
"z.3352" 2 2 2
"z.3353" 3 3 3
"z.3354" 2 2 2
"z.3355" 2 2 2
"z.3356" 2 2 2
"z.3357" 1 1 1
"z.3358" 2 2 2
"z.3359" 1 1 1
"z.3360" 2 2 2
"z.3361" 2 2 2
"z.3362" 2 2 2
"z.3363" 1 1 1
"z.3364" 2 2 2
"z.3365" 3 3 3
"z.3366" 1 1 1
"z.3367" 2 2 2
"z.3368" 1 1 1
"z.3369" 1 1 1
"z.3370" 2 2 2
"z.3371" 2 2 2
"z.3372" 2 2 2
"z.3373" 2 2 2
"z.3374" 3 3 3
"z.3375" 2 2 2
"z.3376" 2 2 2
"z.3377" 2 2 2
"z.3378" 2 2 2
"z.3379" 2 2 2
"z.3380" 1 1 1
"z.3381" 2 2 2
"z.3382" 2 2 2
"z.3383" 2 2 2
"z.3384" 2 2 2
"z.3385" 3 3 3
"z.3386" 2 2 2
"z.3387" 3 3 3
"z.3388" 3 3 3
"z.3389" 2 2 2
"z.3390" 2 2 2
"z.3391" 2 2 2
"z.3392" 2 2 2
"z.3393" 2 2 2
"z.3394" 2 2 2
"z.3395" 2 2 2
"z.3396" 1 1 1
"z.3397" 3 3 3
"z.3398" 2 2 2
"z.3399" 3 3 3
"z.3400" 2 2 2
"z.3401" 2 2 2
"z.3402" 2 2 2
"z.3403" 2 2 2
"z.3404" 2 2 2
"z.3405" 1 1 1
"z.3406" 1 1 1
"z.3407" 2 2 2
"z.3408" 2 2 2
"z.3409" 3 3 3
"z.3410" 2 2 2
"z.3411" 2 2 2
"z.3412" 2 2 2
"z.3413" 3 3 3
"z.3414" 2 2 2
"z.3415" 3 3 3
"z.3416" 1 1 1
"z.3417" 2 2 2
"z.3418" 3 3 3
"z.3419" 2 2 2
"z.3420" 2 2 2
"z.3421" 1 1 1
"z.3422" 3 3 3
"z.3423" 2 2 2
"z.3424" 2 2 2
"z.3425" 2 2 2
"z.3426" 2 2 2
"z.3427" 2 2 2
"z.3428" 2 2 2
"z.3429" 2 2 2
"z.3430" 2 2 2
"z.3431" 2 2 2
"z.3432" 3 3 3
"z.3433" 3 3 3
"z.3434" 2 2 2
"z.3435" 2 2 2
"z.3436" 3 3 3
"z.3437" 2 2 2
"z.3438" 1 1 1
"z.3439" 1 1 1
"z.3440" 2 2 2
"z.3441" 3 3 3
"z.3442" 3 3 3
"z.3443" 2 2 2
"z.3444" 2 2 2
"z.3445" 2 2 2
"z.3446" 2 2 2
"z.3447" 1 1 1
"z.3448" 2 2 2
"z.3449" 2 2 2
"z.3450" 2 2 2
"z.3451" 1 1 1
"z.3452" 2 2 2
"z.3453" 2 2 2
"z.3454" 1 1 1
"z.3455" 2 2 2
"z.3456" 2 2 2
"z.3457" 3 3 3
"z.3458" 2 2 2
"z.3459" 2 2 2
"z.3460" 1 1 1
"z.3461" 1 1 1
"z.3462" 2 2 2
"z.3463" 2 2 2
"z.3464" 2 2 2
"z.3465" 2 2 2
"z.3466" 1 1 1
"z.3467" 2 2 2
"z.3468" 2 2 2
"z.3469" 2 2 2
"z.3470" 3 3 3
"z.3471" 2 2 2
"z.3472" 2 2 2
"z.3473" 3 3 3
"z.3474" 2 2 2
"z.3475" 2 2 2
"z.3476" 2 2 2
"z.3477" 2 2 2
"z.3478" 2 2 2
"z.3479" 2 2 2
"z.3480" 2 2 2
"z.3481" 2 2 2
"z.3482" 2 2 2
"z.3483" 2 2 2
"z.3484" 2 2 2
"z.3485" 3 3 3
"z.3486" 2 2 2
"z.3487" 2 2 2
"z.3488" 1 1 1
"z.3489" 2 2 2
"z.3490" 2 2 2
"z.3491" 2 2 2
"z.3492" 2 2 2
"z.3493" 3 3 3
"z.3494" 2 2 2
"z.3495" 2 2 2
"z.3496" 3 3 3
"z.3497" 2 2 2
"z.3498" 1 1 1
"z.3499" 1 1 1
"z.3500" 2 2 2
"z.3501" 2 2 2
"z.3502" 2 2 2
"z.3503" 2 2 2
"z.3504" 3 3 3
"z.3505" 1 1 1
"z.3506" 1 1 1
"z.3507" 2 2 2
"z.3508" 2 2 2
"z.3509" 2 2 2
"z.3510" 2 2 2
"z.3511" 3 3 3
"z.3512" 2 2 2
"z.3513" 2 2 2
"z.3514" 2 2 2
"z.3515" 2 2 2
"z.3516" 2 2 2
"z.3517" 2 2 2
"z.3518" 2 2 2
"z.3519" 1 1 1
"z.3520" 1 1 1
"z.3521" 2 2 2
"z.3522" 2 2 2
"z.3523" 2 2 2
"z.3524" 3 3 3
"z.3525" 2 2 2
"z.3526" 3 3 3
"z.3527" 2 2 2
"z.3528" 2 2 2
"z.3529" 2 2 2
"z.3530" 3 3 3
"z.3531" 2 2 2
"z.3532" 2 2 2
"z.3533" 2 2 2
"z.3534" 3 3 3
"z.3535" 2 2 2
"z.3536" 2 2 2
"z.3537" 2 2 2
"z.3538" 1 1 1
"z.3539" 2 2 2
"z.3540" 2 2 2
"z.3541" 2 2 2
"z.3542" 1 1 1
"z.3543" 2 2 2
"z.3544" 2 2 2
"z.3545" 2 2 2
"z.3546" 3 3 3
"z.3547" 2 2 2
"z.3548" 1 1 1
"z.3549" 3 3 3
"z.3550" 2 2 2
"z.3551" 2 2 2
"z.3552" 2 2 2
"z.3553" 1 1 1
"z.3554" 3 3 3
"z.3555" 2 2 2
"z.3556" 3 3 3
"z.3557" 3 3 3
"z.3558" 3 3 3
"z.3559" 2 2 2
"z.3560" 1 1 1
"z.3561" 2 2 2
"z.3562" 2 2 2
"z.3563" 1 1 1
"z.3564" 1 1 1
"z.3565" 2 2 2
